3071
3763
2390
3991
3022
3927
3154
1580
998
2976
3277
3989
2929
408
1620
481
1601
1474
2482
3018
3408
1651
254
3026
3775
554
1590
4054
1540
3059
902
3319
2146
1607
2399
899
3010
2925
595
2927
2946
1513
1748
1862
3013
2847
1567
965
3976
4057
1114
2930
566
2217
560
3063
2035
2618
3960
2455
3042
1462
657
1836
365
3608
407
3021
1865
737
515
1231
2701
1225
3015
4071
2166
1759
2021
1582
27
579
2499
2260
1577
2689
692
661
2483
2622
2191
1247
3684
659
1480
3148
2934
2952
1473
1952
723
2271
2034
4080
1849
753
2757
4015
2529
3069
2169
1830
4058
1709
3258
2539
2702
568
2620
1334
1840
2661
1461
2388
3003
3926
2699
2147
1503
2235
1796
2659
750
2228
2
3074
282
987
208
115
1722
2229
2163
598
3963
2181
826
1799
2065
1386
1090
862
3959
2328
2281
3501
632
3096
3209
687
3261
492
2054
230
4073
420
1257
2808
2319
1685
3106
749
2250
2729
873
1855
835
1670
3121
3903
2957
2165
665
1841
1493
2138
2294
1631
250
2623
1602
2705
3965
3093
623
1424
3193
938
867
4020
869
2624
2548
3438
179
2453
2768
2152
1884
3030
3029
569
3714
3025
2111
942
525
3102
2409
2996
570
4050
3603
3448
2192
3981
2001
3228
1514
1887
204
3693
3613
2052
263
889
2967
207
3198
1880
3016
3604
1627
3966
3008
3830
586
3995
2966
3750
3083
1729
1718
2516
2477
3088
3034
684
4017
3311
39
1149
2660
590
2219
694
3210
3372
2770
690
1858
1785
1465
3066
2670
1653
1786
2948
2856
2402
2992
2100
2076
271
3611
2988
2130
2688
2704
2527
1984
2466
3737
2501
1835
1376
2203
2338
3256
2764
977
2027
1584
166
3826
2940
3321
594
1569
1650
583
728
3070
2846
1626
721
2148
2547
360
3113
3028
1058
2546
2963
238
3646
4013
2500
1539
4
1396
2964
2419
1521
2170
1974
2938
2101
3799
3041
164
537
1983
2481
891
3511
1922
2223
693
206
3098
1871
840
1883
382
2457
1950
2091
2043
1551
4070
1700
1345
143
3296
3116
3949
604
2074
4055
2478
3138
1762
182
1522
400
2258
253
2793
3347
1162
961
715
752
2606
2222
2712
117
2044
2955
866
3125
3707
1102
3019
837
2017
1870
1962
3881
297
3179
751
265
2858
2396
1205
356
911
3064
4039
4056
856
2339
3612
3537
1460
3124
3097
513
585
3460
3676
2956
3935
2215
538
1410
1998
2639
2469
1172
1811
384
3051
180
1262
161
1679
1945
2982
1900
1973
3038
2172
2761
293
3669
2207
2569
1669
1629
1868
2237
3067
1847
1954
1004
3047
865
2488
1512
245
170
1852
2331
1568
3020
3780
2826
3876
3141
2185
3930
2984
643
3481
4016
2572
3159
3614
3961
3027
1068
901
766
3902
1502
3905
3803
2566
442
2665
834
708
4023
1723
2617
1667
1366
1843
762
4076
4095
3371
1595
158
3629
2804
173
3773
270
2692
2619
1412
2395
3681
2077
2965
1124
679
890
2747
533
1604
3689
2135
2097
2398
2745
2383
3162
3974
3969
1548
3120
2049
2073
3440
3610
157
936
3888
844
2474
2759
2472
3624
1107
1267
239
3691
830
3039
2912
1672
845
2116
3986
2336
3846
3770
2046
573
3065
3367
4078
3943
3605
482
3522
1767
334
327
105
607
486
759
82
2655
2803
724
2675
227
858
1985
507
1575
2772
3405
2182
2273
945
3055
1654
424
2240
1549
3457
3754
3005
1732
3717
3403
267
2476
3032
662
3199
689
2183
1220
4022
3753
2194
3289
2710
531
817
3971
2953
1150
3615
2480
3634
2340
1153
877
1576
3045
3178
3740
772
378
283
1879
2734
885
3703
2673
277
3871
2788
3515
2437
1851
1497
372
266
2048
46
2933
348
1515
1774
12
3705
3363
1498
539
1877
2631
2259
683
2708
3340
3538
3416
1377
1041
1996
2225
3056
1525
2110
1273
1565
3748
3808
908
2621
201
1564
521
2502
3354
824
3249
3980
3672
3151
1822
3823
3267
1506
3990
744
3115
806
2180
3975
3463
1527
345
2800
2297
1775
3114
588
3791
2141
3449
1581
2112
235
2960
3103
2062
1574
460
2505
3607
3913
649
2411
974
1689
3099
967
2438
1570
2242
519
2683
2711
3337
748
2026
735
1711
878
2114
882
2871
2444
2663
782
493
776
1743
2989
2732
1727
678
3104
547
2511
1097
3944
1054
3722
3640
2738
2015
1943
3352
2718
3345
1766
1337
72
1397
2435
647
1578
847
385
3719
2537
725
3380
3012
2863
695
1940
851
19
1432
3122
1583
2680
203
1194
1060
3788
1196
3091
3992
3235
2400
2093
3111
2270
2302
1579
561
2190
1917
447
2975
3090
3842
2254
3035
886
2814
289
3197
1025
1529
2557
1721
3664
3845
1599
1295
3335
1143
1816
1982
1837
1781
1422
1586
3742
2356
1187
615
3609
3192
2189
3686
156
1466
3092
1463
2760
1778
2486
2542
469
1226
606
1733
221
3937
2179
3087
3792
2717
1067
1121
1320
3893
1443
67
1710
2272
2568
2405
404
2916
2625
2143
780
2669
2538
3882
3973
3598
3658
304
2841
318
1256
2032
2799
2837
1771
3547
3923
1829
2016
2397
3094
2795
3531
2038
1348
3188
3687
3445
2523
2943
1971
1896
3082
1696
3053
1987
3259
3847
946
4077
2714
2528
2337
1148
1538
2131
3622
325
1045
2086
2703
2187
530
1625
1526
3964
2550
2167
680
3548
1975
3636
768
2484
3456
2740
61
1741
2753
532
3738
2105
2593
1255
1769
888
860
3718
62
733
2236
2168
2926
634
1321
1662
575
349
1009
178
3625
2524
2697
3109
789
2853
1986
337
3715
1008
2951
562
2204
3068
3110
1600
3105
3040
1779
549
3459
2521
258
1328
2426
168
795
2797
2534
1242
3224
628
743
3450
1981
802
3671
664
3678
3931
2121
3731
1228
903
4053
1138
508
197
641
4002
141
18
3883
1046
4028
1467
1941
2211
667
4026
1543
3023
1308
4021
2839
108
1087
1294
4096
3298
2633
517
3887
3357
1013
2771
2570
2491
3057
1867
1603
2995
3081
1562
770
1719
3242
2945
503
3682
366
2888
2246
1573
2071
3970
2132
3229
1655
3741
1640
1048
1183
1381
1248
2994
1761
2784
2467
2643
2756
3713
1684
2983
1901
3651
2819
1992
2384
3430
2816
2900
1972
816
520
3284
2151
1927
3720
3230
1804
241
864
879
3287
3139
137
2216
1876
3213
931
2935
3950
742
2142
1692
453
3580
528
2427
2877
3214
2610
2543
3231
939
2175
3486
1044
3779
2755
3391
301
3140
993
321
1509
3532
2200
2721
1119
3679
2257
3947
3119
658
1845
2224
1246
959
234
2196
2737
3255
1280
176
1407
2321
927
3360
1339
2233
2293
3631
2304
1630
17
669
64
3951
3833
2742
3123
2765
2092
1724
1518
2088
3560
1034
3825
992
1387
624
2634
553
875
3734
894
247
1253
473
41
707
73
3662
1492
262
3530
852
504
2253
1608
968
909
2987
74
3084
3936
2954
1875
165
2007
3747
1656
15
2244
2658
2333
2320
2810
1619
3525
811
612
567
315
3338
3263
2627
3112
1744
3520
2343
1490
26
2265
2564
720
2177
1647
1479
1947
2825
1904
3743
2479
183
2095
1005
3366
1105
1145
1606
393
3155
3688
923
2947
1817
2503
1137
982
2051
556
3967
2403
4009
23
243
2436
1794
2882
2592
405
2787
2905
248
2367
2693
3464
754
2439
2173
848
2301
116
2681
3517
3700
1979
1648
1468
68
2898
3182
3052
1520
584
1617
4038
3061
1325
3217
3978
24
2899
3323
3078
603
712
219
540
3036
2019
3643
3283
288
2256
1677
440
892
185
236
2541
2733
3273
1272
545
2137
2313
2540
2238
2997
932
3478
1203
1610
1188
3617
5
1250
2522
3226
919
2998
500
2883
1802
1455
2289
527
1017
1846
581
2133
479
2831
2039
3536
2424
2931
421
973
2544
3165
2070
2144
827
1594
3206
1588
29
639
1481
3431
1077
2249
186
3265
1006
1857
3461
2160
490
2796
3577
2709
1925
3153
147
281
3050
1074
2128
544
2674
4033
1471
2677
354
970
2985
3489
3948
505
2274
1652
3694
1720
2296
1485
1135
3313
3062
1384
2506
3877
112
2730
2109
1482
3998
2962
3807
2974
3349
2724
1768
1826
2706
3410
233
2662
2085
3176
2468
3699
1783
3510
920
2980
1782
1166
1367
1737
828
353
1484
2576
2551
2924
625
3861
2416
739
747
452
2308
4083
2748
2652
3238
3917
1488
2462
3922
964
332
3161
518
1864
1469
3829
2498
1634
1547
1714
300
383
1869
3195
380
2725
1007
3085
312
3550
4097
1018
859
1530
600
172
3046
1614
343
2394
278
2713
2676
501
2597
1596
2404
1968
2330
3648
1591
1104
454
1170
3650
3652
1832
122
1593
2171
2744
1675
2195
3744
3938
1725
2565
599
1359
4049
1989
1160
1693
2611
459
320
1566
786
760
2961
3348
1378
240
775
2266
279
719
1838
849
3223
2317
2139
3422
880
1705
4045
636
1853
1755
246
1613
339
821
2556
211
1116
358
390
491
3879
150
231
458
1156
529
1439
4092
3387
1646
1628
1251
3471
2025
1731
1049
1335
730
276
3237
495
2267
1665
2061
1833
769
3806
2186
717
3004
550
3072
1372
963
1031
2463
681
2221
979
1464
3968
1224
1921
2716
2582
1456
364
3858
1728
1297
4035
1821
2979
3189
20
922
3668
4044
734
1716
2218
1014
423
2103
3739
3200
3073
2684
2473
4089
1557
4005
477
3361
1533
3423
2794
1011
90
2078
3711
3014
3227
4063
4048
242
3637
1026
3264
3446
1313
2917
3434
433
3817
2068
3988
3663
928
4030
2447
2603
814
2835
3009
3670
3439
3885
1760
2341
3281
1980
1605
3790
1173
1293
261
682
1740
2389
4007
1598
3638
1552
1099
3582
2608
3619
1178
745
3269
512
1318
3810
596
2106
3724
2066
2487
3757
3426
2018
1810
434
2124
368
663
863
3266
2161
224
2410
1020
2003
1199
449
2530
1907
474
2358
1343
2291
3444
3409
3305
3880
3043
3572
3733
3690
813
2872
3024
3216
1683
1585
3246
3898
135
3911
159
1863
2445
3303
1191
1556
2401
2082
1239
2145
2878
2214
2002
971
1210
2458
1803
3204
50
2549
980
472
2305
2786
1808
2573
138
1428
1076
229
3557
2778
1813
381
2687
1708
264
2792
439
462
2626
1674
3783
3381
2251
1637
2009
1881
4082
1307
1084
190
54
3126
3644
3044
2507
3339
3314
359
1433
3212
1726
1970
794
698
75
696
3886
688
3407
4051
1234
3441
3149
1991
3993
3805
614
3017
4094
3633
3309
1392
124
3533
3933
237
3285
4064
272
2202
542
1050
726
3376
369
2807
1278
1734
3952
483
2041
8
3351
194
2475
1080
1144
3776
2580
1073
2664
2845
2719
2295
291
4027
783
52
3953
1477
3205
3219
184
2781
1010
1108
2707
1937
2045
3379
592
1618
3128
3654
498
3816
4069
1872
1423
2150
3358
933
2415
174
991
3955
2842
1288
2113
2875
3244
3746
1589
785
222
1649
4079
673
1126
1374
819
1200
1916
3956
232
3796
1780
1815
3575
3696
3168
4000
1219
1638
3436
1245
2197
2348
1083
2239
810
534
2811
370
1616
2915
1749
3793
3359
2309
710
2332
820
800
273
457
2587
2288
1942
149
3404
3312
2813
1365
765
2362
2575
287
1517
3680
3894
1823
916
435
25
1168
2812
103
3745
3941
3414
494
2504
3832
3432
1958
716
2287
3710
1639
1037
1112
3324
1658
4059
1215
3516
1924
536
1223
1571
3837
1882
3174
2456
1221
3316
295
1499
1681
3301
1680
1957
3685
809
3863
2335
2230
1695
2666
1362
2298
3725
456
91
2695
3377
1141
1747
335
3821
626
3344
1914
990
705
1660
3999
3239
3997
2408
1615
1666
1795
1699
2918
1238
1545
377
3704
3118
1417
3257
2906
2031
3342
3855
3774
2571
3001
450
331
3982
3732
309
1694
2393
163
1893
2833
3190
3191
1085
613
3571
563
3984
884
1516
3875
2497
3398
2823
3322
1641
148
2558
4093
2722
177
16
3583
142
436
617
2470
275
3702
3709
3820
129
3721
1905
60
3100
2323
1703
1270
3378
3977
1440
3835
1797
713
2279
3526
767
2057
1668
2698
952
3033
2188
510
3143
2081
3462
4012
2226
256
3564
3708
3180
2387
363
1688
1230
401
1134
2968
4042
3054
1409
2656
476
1399
1745
1195
1528
1664
608
2971
3509
3346
668
4091
2055
2923
2914
2562
1277
1888
317
1534
1086
2773
1935
3535
3382
1948
917
3755
1290
3251
2838
2495
3300
655
4066
3983
1828
2102
1333
2999
3804
686
1093
58
3695
2822
3147
2545
1949
2417
1274
3566
3934
1418
3241
2553
1302
1997
1042
4046
1792
3048
1207
876
722
1091
3271
953
249
3972
1878
2667
523
2361
3594
1632
220
379
3150
3076
1523
478
1103
2928
1793
1101
2865
2775
1222
1453
2754
3332
1645
3844
793
2149
1933
1860
2376
2880
1965
1140
1284
3334
905
872
1431
3529
796
3411
2206
2264
3356
3723
1198
268
1177
296
1152
373
841
2881
2805
1936
2122
1069
697
2857
1022
1990
1820
948
2535
3233
1052
3588
1686
3272
1154
3373
205
670
912
2809
1953
2248
3563
3801
2209
699
2739
3031
2353
2672
1561
2359
2247
2420
2609
1550
3275
2391
84
2080
3384
2939
1291
3396
3280
410
3692
1414
2779
3132
1504
4019
3765
2897
2559
3288
1874
601
3254
285
3621
898
738
2525
223
1472
777
2762
1976
2690
2033
3496
3840
1452
3777
1777
2574
1572
3421
2261
2563
225
323
3425
925
155
2423
1758
605
2769
350
3512
1636
3133
3383
1763
526
1633
3215
2050
3487
1391
215
298
2354
2440
3252
1201
2970
3859
3329
3528
3502
216
3262
28
1040
2232
2644
3245
3865
3891
374
3341
2743
489
3146
3497
1955
2555
3089
2014
2869
3749
2454
2326
2508
2850
635
541
3187
1750
2749
292
2303
3812
2053
1508
2412
1553
1966
3002
2531
3419
3827
3362
1831
3401
3586
443
2020
578
4081
2136
3484
2392
2937
2174
3494
2024
2407
3107
2726
192
4024
774
2434
3523
3675
357
2060
1286
1175
1332
1753
3465
989
1236
1445
1713
915
2096
1028
2310
1742
924
3500
3483
1988
1193
2490
3130
1237
4036
3831
2023
2758
1127
2283
2471
1070
822
1687
1404
1361
2844
2861
3427
947
394
167
3385
2679
803
2318
644
2731
144
2334
1266
3326
619
1563
2277
1554
3766
1890
2741
2083
1635
461
842
757
1850
1264
1164
2958
2834
1182
338
162
2851
4061
1587
1125
502
2349
3279
3786
1541
3211
2696
1438
1120
1676
2431
1233
871
1919
1282
3455
2723
3599
3374
2514
784
1309
1994
4037
1360
3957
200
685
580
3768
589
2210
522
1066
543
1659
3086
107
1427
3958
1483
2448
3336
81
1338
1055
1934
3406
2129
1866
1380
1698
633
1096
3079
402
126
2099
984
2884
1476
3134
3331
2973
1505
113
3866
9
1814
3778
109
1142
3900
196
4034
226
2735
1319
3514
1535
3851
2567
3795
3697
3127
691
98
572
1354
2641
3574
546
1470
3736
2671
1406
2628
55
1388
2011
2893
3868
1244
3152
2598
118
100
1111
2913
1500
1897
2127
582
904
2859
622
4031
1697
674
97
3469
2094
21
576
3797
1
829
1908
3945
4085
812
1351
4072
3600
3476
1938
2864
1486
506
3492
3007
3325
2867
1712
2783
463
1129
3221
1159
3451
1329
3183
1807
3
969
3490
1165
1951
391
3920
3818
3253
3306
4047
2843
2607
2314
2560
2668
718
3424
1189
89
950
2134
2649
3822
1375
2509
387
1450
2589
740
2090
4074
2269
881
3916
981
1398
455
2873
3333
853
630
711
3730
3276
1959
1202
3762
1212
883
3727
181
244
2552
1454
2380
790
2156
1283
1151
475
1944
419
2037
1094
2212
1287
1033
944
2464
251
1788
3508
2029
2533
791
346
3420
361
1611
788
3240
411
1292
1240
3843
1279
3498
3787
3545
1909
437
1889
1757
558
1839
37
1062
940
3940
2901
151
843
355
2008
1704
2685
2064
2120
3454
1436
2860
672
417
3784
511
2433
1227
2104
3243
648
1252
3553
3573
3870
3942
344
1317
535
773
918
1171
1216
1261
2896
121
1707
1789
2421
2108
123
451
4041
1920
2594
937
1931
133
2072
83
3758
1592
1425
4043
1323
324
2300
31
38
187
212
302
934
1405
706
160
1886
96
3375
1176
1932
857
3400
3760
2428
171
2010
3370
3499
756
962
3397
574
152
1671
1232
217
1081
255
3173
139
1394
1861
564
3485
1002
2030
1451
3393
1642
1123
3429
85
3764
4018
2268
3848
702
2322
1408
671
1326
3769
3080
340
2736
3918
2234
2895
3811
703
2350
2782
1016
195
3077
2370
3729
1895
1315
3653
2198
996
3524
403
199
3000
1197
3011
328
487
136
3979
958
3207
3513
3006
620
3626
1977
729
997
1413
1960
1701
3657
3660
3627
1235
2379
1715
3365
2285
2087
3555
3453
1739
2442
80
746
2820
3698
3665
131
3546
376
2325
2084
3915
2058
2903
2818
3802
565
2006
3260
2255
299
4040
2645
3418
3158
900
921
3954
1489
1791
3534
2828
1702
2489
2227
3896
2855
406
3222
2519
1678
1179
1690
2485
2848
3433
1402
1458
1344
274
839
102
3841
552
2125
2201
2849
2802
1537
2766
2630
1805
2584
471
79
4004
3890
1368
95
3623
3482
2596
3872
3049
3328
1447
571
2369
3299
3286
3413
466
3899
2891
134
2178
999
3196
2373
2158
2854
1892
597
1560
3355
2406
2651
2346
1746
2650
4060
4062
1157
2385
3661
3302
631
732
1059
3234
1923
175
1161
1827
3479
3519
602
3932
2381
1663
3518
2286
2637
1305
3595
1358
3815
591
1902
587
2312
3185
2613
3156
3293
2275
2887
2345
1356
895
1003
988
666
2004
3814
2640
1088
290
2827
3549
3987
78
3291
32
1894
3554
1211
13
2767
4087
1555
1787
2378
651
1110
2280
214
2040
57
4090
3897
509
399
3785
1133
1023
367
798
805
2978
3144
2075
1624
3639
1089
1229
3925
3683
1437
2118
415
2969
3402
101
2518
825
48
1801
1844
1834
930
3985
2774
3201
1772
3906
2245
966
1385
59
2089
2307
1800
3388
3867
2452
653
1051
2586
432
319
128
3701
1285
3368
1271
1956
2777
1098
3761
2821
2363
45
1311
2727
35
10
259
2605
1180
43
799
2678
2492
1106
386
3172
2162
638
1510
22
1340
1192
464
1185
1065
1885
2840
2615
2790
169
2889
3862
957
801
2829
3163
1371
3735
3399
3171
2213
1347
994
986
2098
2042
1043
1336
1434
119
1268
887
611
414
2329
1475
2315
1122
3521
855
3856
4029
1260
1478
792
763
3164
2642
3655
2252
2231
1999
2115
1457
198
616
833
1969
3428
3473
2941
1419
1400
4084
3869
2636
2686
4075
3569
1993
3202
1691
3551
284
1130
418
640
3849
3659
2155
1353
3327
2577
3395
1899
438
831
896
3860
1411
1289
3939
1146
3579
3907
818
2635
983
3297
286
3593
69
2694
426
2932
2920
2944
3353
47
2950
516
2824
929
2862
1314
2981
3495
2629
3726
2902
3247
874
430
3477
3184
1082
1784
1204
823
1930
906
1415
654
412
943
1531
1511
1395
3452
3752
497
2357
2986
310
2022
758
629
1612
3506
1341
1770
3716
94
1873
2751
2220
736
2299
755
1912
609
3878
1494
3581
40
2153
33
2450
2691
2493
3307
1495
3591
797
524
1609
1047
1754
3647
395
4001
1946
314
731
3167
3169
846
3728
422
3470
66
954
2429
3108
2604
1856
191
2028
3994
1015
1303
2654
1021
352
2789
11
2904
140
1449
145
650
2911
6
1507
1911
2351
1382
2316
2241
836
1254
371
1139
3873
2910
652
2465
1532
3597
2154
3839
3075
3914
1544
3220
1322
2360
3800
3208
3798
2922
130
3910
305
1095
3620
1501
2414
1032
429
1967
2262
1441
1524
2377
409
467
1061
3304
1301
1776
3909
1939
110
1682
861
425
1559
2386
2290
322
3642
1854
351
1190
1546
514
3666
3504
778
3160
3343
3908
1249
306
1401
949
2000
3789
480
2657
1300
2836
1379
2602
2243
951
2366
2830
2441
2327
3667
2750
645
910
2430
3294
2909
308
1024
3386
2449
1071
44
2852
1929
1963
781
1903
313
3838
3437
3828
210
2036
3317
3142
976
3589
2126
1673
3756
2972
49
1773
838
71
3712
3270
1442
1259
551
36
3559
3308
189
202
1928
2425
1342
3852
1186
1019
3645
154
1736
642
704
2638
3632
3606
441
3809
470
99
701
3248
1064
3928
3561
1113
2817
3857
2892
1403
2123
4052
3468
2868
1738
2616
104
1623
2886
2364
2601
2554
555
2579
3864
2013
1487
1078
3129
2517
978
303
2119
1092
854
3541
2866
1751
1542
1809
1420
1717
2278
213
3236
2653
3558
3475
397
2874
2159
2700
1491
3290
3767
2282
3919
2432
2720
3503
972
2510
3480
398
3630
2164
2413
3912
2798
3616
2785
2581
1079
2276
333
2890
7
1430
2324
3836
3565
1209
3131
1363
3442
2059
3037
446
448
2306
1128
2595
960
2885
1597
499
2801
1167
2012
341
1416
956
389
815
86
1036
2451
1657
2588
1918
3435
2832
34
2942
868
4008
114
548
3186
3527
727
1281
646
3771
1859
2355
70
870
3101
741
2347
2056
3824
955
347
3467
2107
2763
1536
1848
1496
444
396
897
3884
3946
3590
1001
4014
2176
1352
893
2069
88
709
3194
3892
1824
3834
1964
3649
2648
1312
3540
2993
3578
3813
2371
3759
3602
3166
1357
2199
1621
2520
3544
593
3850
3601
3596
1369
3895
2614
2532
3568
3232
3466
3394
3904
1764
2776
3706
2959
2815
3447
2780
4067
3674
132
3060
2590
975
1806
3412
2752
764
2990
2977
3921
2600
771
3618
4025
3996
311
294
3874
3058
3853
3772
2870
3318
1643
3203
3562
2936
3491
3225
2372
3117
4011
3656
1364
252
3585
3628
3474
3157
3539
2368
3274
1275
3145
3137
3635
375
3576
1910
2632
3364
2682
2047
1444
1265
1906
3641
1243
1790
3507
1331
559
660
1000
257
2157
3295
557
2806
2513
3901
1053
3592
3136
3282
2908
431
3543
3268
3417
1519
1818
2184
3781
1298
1169
3369
3315
3924
2907
3587
1819
146
2344
3673
2375
388
1208
1181
3794
1730
3570
3584
3389
2647
3782
4010
2512
465
1661
3472
1915
2193
3751
627
3929
779
2612
714
2382
3854
3392
2263
1765
3218
2991
3505
2205
2374
1109
1057
260
1100
3250
1373
3889
2496
637
914
3415
2446
907
445
3677
3556
3819
1706
2063
850
2894
3350
2352
1891
610
3542
336
3567
3181
1310
3390
2949
2422
4032
1389
3170
995
2561
1324
1926
3458
1304
1115
1296
1622
1448
2876
2746
1459
675
1038
2879
3095
761
2583
1147
3443
1978
2715
1117
2311
4068
3552
2921
1558
153
2284
3278
362
1132
2117
2578
2418
53
1995
2292
1735
127
2585
51
1269
1756
3488
618
2791
1158
1913
2208
2599
1030
4003
1174
2443
3177
1644
1299
2919
92
2526
1263
2005
1355
1012
2728
2079
3320
2515
1435
1218
941
3493
4065
676
2365
1118
1349
4006
985
484
1752
2140
2536
87
700
1426
269
3292
1961
1346
342
329
577
3175
3310
832
1825
188
787
1241
3962
428
656
488
913
1798
2591
193
2461
2342
2494
326
1812
63
209
1214
4086
3330
1276
1206
808
621
413
2067
926
228
1035
1027
2459
1421
1316
468
1039
804
2646
1393
1327
1429
307
1350
3135
1063
427
1136
1842
1213
1306
1330
935
1370
1446
1390
677
2460
807
1258
77
65
1072
1155
1217
1056
416
1184
1898
1383
1029
1163
330
280
218
316
485
