4704
613
769
5095
5090
3683
598
1848
840
765
1957
4523
1760
1002
1201
749
3044
2374
3187
2578
5239
363
1770
759
2224
3344
4607
2096
931
5097
1850
1736
3226
209
4823
3624
3286
808
3610
4418
3913
1769
731
4810
580
4951
1260
844
3616
531
1768
5107
5003
946
2155
1862
1143
537
358
1212
3033
706
1186
4975
760
3774
150
2573
3506
4993
1924
4875
3160
3589
3339
2961
564
2335
2
680
1631
3333
3338
2197
2632
2676
447
2246
2270
1719
1896
4811
1059
1907
2239
4371
3630
4224
2266
5001
1678
2919
3257
3321
2029
3715
3034
5208
3603
3686
3745
727
625
3639
5019
2081
1750
1502
3242
785
3875
2572
5265
583
1963
2952
4742
3237
3213
2187
247
3150
4852
2010
1825
3026
3614
807
1135
2292
3221
1782
1916
3265
4884
633
475
2655
3380
3258
2047
5207
3514
3165
4936
4974
781
5263
582
143
2229
4552
2531
1374
729
1902
1387
3292
4853
3600
2071
4770
3210
728
1781
1517
1932
5166
1582
2436
2422
3169
4777
3619
3678
1032
3708
756
1968
843
3228
4773
1829
3797
932
2883
4985
2603
4782
3049
3680
1905
2325
4820
5184
1906
5079
3694
4476
4994
4959
2569
1925
4793
4641
303
334
4004
3818
4146
226
2649
3220
929
5212
890
2640
4211
839
3591
2440
2566
4878
2432
4958
3166
1830
3620
4942
2630
4600
3973
2193
4727
420
3725
2086
989
3373
3259
403
2236
1897
1763
2959
38
1844
4298
2151
1039
865
68
927
3246
2261
3739
5078
4983
1881
1081
1213
4554
3243
814
3627
414
852
3806
2944
3948
1313
3782
3119
1952
2362
3263
3760
1035
591
3264
2957
3410
3405
210
2074
1959
744
3446
55
3988
5231
2776
112
4544
1364
4439
2403
986
3794
2845
3696
5057
5171
4849
4834
1939
700
2217
2257
1512
5071
2560
3212
4904
3690
2568
1940
3669
5213
1003
3595
2433
2341
3079
2579
2220
73
3778
4896
2241
1822
3255
3161
3611
1746
2780
614
3037
1974
1870
3684
595
2748
4736
2381
4309
3261
1863
1368
3843
5243
842
3103
3815
848
5096
3836
3629
5056
2502
4761
1257
1699
146
3647
4992
1603
1460
4987
2868
52
44
161
1738
2245
3854
4998
3893
3102
1354
4513
4767
3256
985
2909
753
5211
804
761
287
3703
5094
616
4829
3217
3530
935
1843
3617
3457
200
2678
3342
365
4574
4204
695
2507
2687
3671
4398
3269
596
904
2856
1846
2940
2355
4730
999
4902
4276
3163
4977
615
3776
752
4672
351
5072
2051
22
3615
114
1377
3052
5233
2206
2225
738
3018
2458
3608
1942
5252
3006
5015
3277
3440
2113
1168
4303
3805
3009
2911
933
4548
2491
3592
2956
3640
4950
838
873
3851
2429
3346
1651
4304
545
3254
5172
3252
1279
861
3098
1433
4981
2852
2702
3045
5235
3331
3451
1960
2741
2590
2091
2076
5221
3025
4944
241
2893
1169
4910
1792
3698
2135
1534
2589
5190
786
3651
4534
3946
4633
2859
798
1777
2003
1828
1690
1775
3932
2595
1165
5092
4119
1268
3771
453
597
4526
542
3241
4101
3019
2598
3391
3149
707
1153
3695
755
1322
1132
3711
4824
3612
1323
2570
3714
712
5017
4762
5237
3800
3593
346
2201
2692
3171
3700
770
725
2500
750
4735
4949
4640
5146
4003
1823
3250
2368
1995
2072
3638
372
2948
3657
864
2954
570
3787
2851
4941
3080
3388
2722
3626
1333
896
3704
5167
1286
2913
1302
2955
1386
82
4847
3367
4413
4086
3648
1904
3039
3747
524
1307
2115
2675
393
3466
768
561
3229
3793
2221
2354
3816
3050
2483
1439
4830
800
4389
2977
2536
1709
3305
1367
637
4850
3779
434
4986
2383
4400
426
2356
4083
2158
4821
2794
2338
766
2251
1392
232
2212
4716
2260
4409
882
4865
1894
222
2574
2567
4081
2080
4881
4868
2921
3662
2795
3370
1740
1484
4831
5153
3792
3239
3821
243
2658
4541
445
216
3528
1818
4765
4012
1017
4024
3801
2427
3295
1262
641
581
2527
3552
5248
5291
5210
3202
3783
2571
4428
1209
1989
1106
1230
3586
2101
4484
3858
2580
3842
3016
4007
5203
4939
2650
3655
4521
2654
1778
3661
3667
629
5055
1908
201
2452
2924
5186
3646
2131
3712
4438
3819
3681
4481
2104
3740
5059
4213
2328
837
1961
1903
585
5088
1882
99
3733
2732
2247
4026
4503
1438
2608
4362
2783
2563
3336
2651
3772
2964
371
877
3162
4571
4036
1123
4772
3325
3306
1663
498
2061
922
4833
5168
2923
3796
4628
3384
4405
968
1329
4238
2145
2392
964
1577
2575
2326
5091
3179
2615
5247
977
1500
2853
5238
1513
679
2786
2503
4836
1527
3628
2978
4723
3443
762
2493
4728
2200
835
4740
3164
4649
5214
1046
4230
764
4480
2700
4019
4538
754
5269
2688
1490
3936
1146
2576
4874
1128
3656
5084
1541
951
1990
343
3347
3275
3123
3402
3643
3716
245
3043
912
3804
3219
2414
2122
2474
4488
3727
1121
4355
315
3091
197
2689
5275
1774
4774
2102
1330
2446
3085
4611
2255
2420
3296
5076
5061
296
606
653
5225
4879
4025
1038
266
3844
1207
934
4035
3668
3249
5080
3631
1773
3222
1791
27
2439
5195
89
279
1022
1994
1010
344
607
5253
3660
2108
1673
740
3176
763
3931
3587
1206
418
2075
2489
4195
1048
1074
4168
4955
1051
208
4681
4427
3399
1105
3709
826
1921
1971
3689
2866
5176
2494
41
634
1993
2137
841
2621
4584
3527
3786
5298
3840
4317
1495
2207
2814
4872
3718
2400
2409
3873
4160
2123
3553
4212
1077
2867
5028
4966
4551
2468
2535
273
3597
3464
4779
4612
4034
3435
5140
2659
836
3636
3664
4102
5093
4764
2413
4967
4234
803
5224
4054
5174
631
3650
980
4392
2949
849
2876
3317
3216
1045
3335
2627
5036
2209
2447
4533
2746
1510
83
4435
4712
3785
1152
2001
3017
1503
4945
4112
297
2107
3726
1900
2462
2667
767
4527
4482
4863
1744
3803
2390
2953
907
5162
2401
127
1359
154
2950
2715
589
5271
2144
1996
2406
2706
4741
2666
1984
4351
1831
2314
2117
2399
4028
2033
313
5034
5284
3167
1217
1877
2465
643
4968
18
2918
4341
918
2089
2130
4894
1759
916
2710
314
3268
1680
966
2797
4961
2397
3124
1864
2012
4749
2946
4208
5297
3196
3303
2028
360
4980
992
4734
2009
1373
888
4228
2696
4605
4165
3381
1369
46
3991
4871
1915
376
4009
1535
3301
2311
2701
567
2577
3483
1810
3345
483
4700
211
3499
1477
3717
1115
5133
5240
1986
2478
2652
5270
1071
448
2526
2182
2614
2620
4679
5100
3208
3692
1499
2506
871
373
617
3360
3777
4187
2698
1834
1972
4535
2892
1705
2730
3814
3880
480
3773
4386
1913
3021
736
3461
321
3462
4832
1849
4984
558
1327
1879
1992
1194
635
4335
1097
957
2469
2609
1969
85
1012
3834
3020
2980
4768
1293
683
357
3413
1219
5292
1497
2657
3746
4117
3377
4802
3294
1580
2971
5264
4530
4848
1722
2099
687
130
3412
4792
3491
3168
2331
3042
2907
5197
1909
1245
4669
1216
5198
828
4610
599
491
4729
4181
885
5261
3178
3086
1934
324
1436
2848
4153
4908
4790
192
2484
3672
3097
642
5175
4105
2204
2847
5219
3758
3130
4361
5241
4893
2411
2849
2479
2078
1898
3855
2360
479
593
1472
3354
1893
1508
2685
651
2490
3941
349
2516
4311
1958
2588
2346
4781
4570
1154
240
4597
608
799
2857
626
1874
699
1551
3802
348
1204
5232
1988
3675
1933
1991
805
1454
3701
4236
1767
2369
3706
3245
2793
2133
2219
2125
3817
4360
1310
1145
2562
2772
4542
4713
4866
2669
2916
4232
2043
1147
2809
1175
1437
2728
5004
4031
3750
3290
1779
345
4529
4299
4575
821
2134
3503
2118
2298
274
2332
797
2142
40
578
3652
4615
4797
291
269
4636
4760
2770
320
3765
3687
1731
911
810
2402
5009
3837
4578
4161
1695
5016
1493
4962
2529
3699
1004
3353
3324
5089
2237
1927
5181
1780
359
2272
383
271
3885
757
5182
3038
2364
1892
5048
302
1951
1820
4353
2352
463
5141
1428
4629
1416
4594
3754
4391
4126
4758
5035
4737
1381
2267
2871
1112
2105
2198
54
47
3688
4376
2663
4356
5249
1314
4826
5147
3375
2449
2423
2522
856
3670
560
4787
3663
37
281
5142
4006
3693
4747
2027
5178
4177
2053
3588
4937
1202
1983
4522
2154
3729
3743
3418
1911
5266
4817
806
2275
276
2250
1417
446
3175
1356
5064
4319
1880
2103
1543
4424
5045
895
2537
682
1434
2661
1166
1287
3642
592
325
2587
1210
3177
1254
603
979
4855
474
2778
4531
3731
4417
1060
4991
1623
1689
5295
3087
851
1391
3909
4807
5138
2969
2968
1309
2539
3966
3569
1419
3184
124
2256
638
4462
3898
3518
3606
2532
2114
1973
5063
4569
2727
3469
436
4111
3742
3710
4218
5031
2624
4613
4564
5196
2167
3713
1681
4014
4379
1344
4289
295
4938
1100
4827
898
3940
2552
2016
370
3919
2714
939
1642
2203
645
2938
2798
954
117
4976
5049
2259
1129
4545
1052
4706
3386
5230
4460
3273
2428
5073
3568
29
2596
2304
2030
1664
4219
735
237
3278
4194
2361
277
2459
3047
2172
2077
3366
639
533
3136
5281
3048
4650
2013
282
5194
3427
4813
3654
4593
2945
1912
3359
275
2083
936
477
4021
594
1866
3872
2768
3051
1861
1008
3861
5187
4800
2315
4387
3958
2642
4125
4399
4454
693
743
4677
3374
2973
620
4882
2132
4851
5043
4954
901
3749
4898
2066
1998
4247
880
4864
2591
4585
2976
4553
2753
3666
1727
2242
3977
1511
1440
1987
4339
3937
2195
676
1164
3635
4231
983
3741
1231
2116
1304
2002
3272
3730
4011
3227
4979
4223
465
1072
2395
3658
1256
1005
3240
920
1976
860
286
1282
3276
3396
4618
4845
732
940
4840
2330
2664
4660
2873
3574
3722
1819
1652
5069
3510
1044
3316
1226
2156
3605
239
4330
870
437
3146
1281
5290
673
1092
3121
4455
2213
2100
1421
3781
2312
355
2695
539
4566
3679
2735
1224
1379
711
3432
1616
1130
4732
444
1518
3414
2437
3235
2597
1139
600
5020
3520
2253
1670
897
2935
3748
1685
1342
572
2960
556
2984
2648
493
5143
3397
4744
5010
2456
77
1050
4401
2318
1729
2533
2017
3807
2453
3458
2690
4635
215
2898
5274
1000
975
4876
5013
1762
5255
1841
4948
3404
3350
3987
3673
2691
1602
3485
1747
91
2515
1845
742
118
996
4201
2934
4023
2543
793
2896
120
5215
246
1488
718
4795
2865
692
4930
2042
5109
2451
1945
2082
4997
4801
3281
3382
1997
1315
4447
3247
4
3465
5155
2554
4841
3083
2736
779
5040
1122
4889
4429
1085
2752
1375
257
965
3904
2963
1926
2271
3633
284
894
3234
2639
2214
2085
4100
352
2703
318
3174
4237
569
3088
3299
2384
2482
4138
4528
2910
3968
3822
959
2530
5204
2480
3074
4157
1033
3823
3170
5159
1540
3211
4466
1242
1394
4501
428
4969
4799
1299
809
3738
4750
4425
1919
2942
3334
1284
1575
2248
575
63
5112
1776
2612
3460
3120
2376
1155
3584
2707
819
1813
3447
2317
2756
3623
1240
2926
2737
3426
4726
2495
3676
384
1037
476
4965
3448
3289
1274
2508
56
5030
2226
2111
1799
3724
4927
1785
2497
4122
3134
5105
714
4814
1294
1114
787
1478
458
2418
534
4854
1148
4191
4378
70
2912
4665
3024
461
4479
4041
4590
4308
4381
3144
3775
1653
5134
3337
2631
4869
2796
3674
4039
3824
2788
4305
2022
2408
4375
621
2806
4318
2681
2550
1016
3691
4372
1536
3293
730
3248
952
3697
519
666
4577
3513
4589
4738
4670
2534
1043
4880
1895
2872
110
4022
1713
5007
3231
4450
1339
2186
3173
967
4483
3538
1572
574
886
1985
2641
2656
103
576
823
5002
915
2625
2481
734
3445
4960
3798
4748
3602
1425
2382
3031
1524
990
1082
4198
697
339
4514
259
2444
1550
5272
195
1975
3947
3233
116
2430
2243
4235
2067
2541
2426
4088
347
3744
1875
4886
5066
2877
2525
1334
121
647
4775
3901
4647
4664
3523
4550
5065
1489
3951
3484
1669
4038
4689
2143
2843
4267
2472
3291
4547
4846
4693
4367
5032
1435
2638
4145
3416
1920
2073
3069
1389
1890
3437
361
5280
1721
4076
81
2150
4743
573
2915
2059
4365
4731
3502
3933
3084
669
905
1751
3856
1187
532
4524
627
515
1410
4358
3978
2895
2441
1331
2276
5115
3307
2232
1745
5236
2140
1023
2605
1682
1447
4473
258
1025
5012
4543
4321
4788
1015
3378
4759
2920
3297
494
4207
3215
1352
4763
3415
557
3723
4924
2962
4537
5191
1873
1941
1244
3332
1808
2064
3262
331
4249
1222
367
1336
2323
362
3622
1305
3604
3475
2897
948
2405
2538
5246
1883
4300
3193
2619
3839
2878
3260
2284
2343
1671
350
3810
4383
1261
857
1814
2601
3613
2174
4347
2404
2979
2310
2294
527
543
2464
5164
2434
2327
5104
1561
159
4448
715
2704
2592
78
783
5293
611
4008
2517
3145
720
2079
2733
3012
5018
2931
1630
1320
2653
1091
780
4286
4005
4816
3409
4822
1546
2417
2905
3496
1473
3253
2729
3116
1851
353
1891
123
3649
1712
1347
4860
1317
4133
4982
5050
1338
4808
1343
4373
3961
1634
792
4757
4306
671
2300
2862
2152
1836
4627
3685
1420
3407
2249
421
1296
903
875
4676
1049
690
4316
125
2751
280
2238
3618
4200
2351
4087
3194
104
4546
4844
2487
893
4430
988
716
3383
602
2121
1837
878
1733
4225
4164
33
205
5262
1058
341
802
654
464
1886
1466
369
1618
660
1853
11
2015
2561
2521
2322
4873
2467
4623
1567
1668
2165
1429
4380
1757
3759
4805
3
330
2682
184
2593
4892
3881
43
35
4614
845
5145
4352
202
640
1579
4283
307
1949
272
10
3959
1910
2087
4839
2216
4214
4752
4591
4063
1708
2455
2181
4233
3090
3939
94
4838
3315
1885
1127
4581
499
1103
1360
2289
3625
3266
3846
1108
3313
500
4350
4285
5285
1078
702
3302
1349
156
4229
2633
3362
2476
3363
1156
1521
1950
264
632
1214
2673
1335
2280
2324
5192
5119
5287
3267
4136
4926
2622
2062
694
454
2726
2769
2050
1449
399
1163
3452
293
2192
1247
148
4433
3224
2372
3809
2175
1734
1826
4043
473
438
25
2060
3889
4819
2007
3795
4943
4342
657
698
119
571
4205
388
1672
490
340
5008
2357
4446
3200
2939
207
2823
969
503
3728
2854
1289
1270
469
3894
1529
4116
4565
1376
717
248
2058
1009
2129
4856
2985
5087
4222
5062
1080
1661
3436
2199
4068
61
1723
497
2375
3099
4971
1753
2758
3140
217
400
3288
459
2765
1854
4539
3521
1353
1542
1787
3570
4334
2694
1612
2124
3001
3400
1054
1358
4990
2523
5154
2970
92
4397
5108
2937
4120
1055
1613
721
2784
5103
126
1590
3467
5242
1498
1469
3930
4354
4789
67
175
2855
2202
1955
2602
3348
506
4580
3093
1549
3899
5278
3113
1625
3351
4263
3954
3197
2816
2112
2306
412
3945
105
3420
535
3561
1480
605
5125
3398
15
4536
3585
2349
4051
1644
3453
982
3736
4407
646
3927
2088
90
3214
2782
1471
1384
4621
1102
541
2308
5042
5
795
2036
5099
1761
4891
4843
4369
4374
5083
584
4842
4332
1402
1889
2645
3068
190
3343
1445
4885
172
1812
1504
2179
1545
3283
4685
1321
1340
5144
4867
3189
4783
4307
2445
1655
3147
1869
2032
2717
5029
1393
1088
2888
1474
3028
4651
4497
3000
1956
4337
5234
1415
3996
2205
1277
5022
122
1726
4964
3887
1703
4431
4148
3965
1752
1001
3183
4180
3992
3326
1914
3609
395
2885
3970
1348
4675
3011
3682
1298
1967
1917
285
3046
3493
4010
2504
3423
2966
3784
5149
2686
2644
23
1742
3456
1611
4210
867
2347
2210
5039
3634
2168
5058
5041
2177
1654
1006
4106
892
3500
2884
2215
1151
4053
4294
3511
4313
2646
994
1398
2329
4127
4525
943
1509
1839
2810
2277
1519
1142
2787
563
3008
1821
213
4709
1174
2477
696
196
1707
481
1492
2431
902
1947
1117
3004
2466
5254
4123
1662
874
1024
4293
942
3910
544
2178
3942
4226
1748
5101
4402
3369
945
1167
4698
2511
4275
3411
79
4129
3512
1467
1789
4209
2274
2065
4057
1936
406
1118
2790
3960
921
3092
3545
1794
3141
141
926
1970
2858
3379
4174
3444
678
2982
416
1301
5082
397
2559
2965
3285
3841
2448
1418
2424
1865
991
1430
3601
5205
523
132
1144
174
5086
2861
4519
1161
971
2789
3143
3300
3915
3833
3590
664
2749
5202
3135
3768
4248
336
3122
1514
1501
3054
53
319
2947
4073
4696
13
4705
2367
3053
167
1285
1704
3838
1273
3922
1772
4282
4440
2052
3153
1056
772
1505
970
3065
2342
3557
3554
2109
1267
1935
1249
1243
5279
3596
956
4091
2120
1587
4695
4914
3287
1481
2546
1041
3826
4828
658
3923
3963
1591
3433
815
4172
1483
776
151
2760
4862
3225
4421
2415
169
1694
5077
4151
958
4167
415
665
3645
910
51
4284
4671
4246
1300
566
5067
4989
4721
2564
3007
2643
4682
3665
3827
1370
265
5259
3702
950
97
1737
4733
1397
1337
4464
3911
2334
2636
9
2781
923
1271
238
8
3329
5047
1702
42
3154
1798
4883
2421
221
4857
1622
4085
2460
2894
3082
2231
3298
5294
2189
2668
3040
3368
5129
619
1137
4485
745
5200
4678
3955
2767
4114
3206
162
3515
662
3533
4143
4147
4622
304
4973
288
292
3459
3594
689
4632
2841
960
1030
1453
1053
3928
1743
1928
26
2020
2313
2680
2463
4193
944
3632
847
1203
20
4861
4489
2011
4888
2747
3549
1427
2904
5189
5139
2771
741
782
2925
2902
1800
1633
4583
1741
5156
462
1109
2842
4137
590
2254
3041
3770
2005
2754
5170
2986
1014
1922
794
1539
1351
1589
3547
4189
402
2549
1195
2540
1383
1013
2514
4278
1178
3972
4159
2510
3598
2147
1684
3505
7
1977
3582
21
1422
3117
2610
3975
509
4803
4134
1888
1459
1396
309
2230
2163
283
4934
486
5044
2344
4555
101
4128
2290
2333
3096
1599
5033
2750
1878
5250
1258
2974
2826
229
650
256
2775
4067
1086
204
3429
562
3270
4708
4946
2475
87
993
853
4416
2473
3753
263
5201
3431
4423
4919
3328
1189
3924
385
4245
3504
733
612
1593
1667
3232
502
552
1332
2803
178
4244
2812
4292
3271
4947
4084
801
2558
709
338
2488
1357
1555
1833
4410
1553
726
4256
3251
2039
3737
771
2821
5158
193
427
4144
1275
644
2618
471
4907
1110
2693
1018
4045
1237
2110
2545
5258
4940
4394
4794
3070
1227
2992
1802
1491
4442
429
2097
3109
2611
4266
2106
4657
1564
1657
1560
879
652
1192
925
410
2416
165
2296
3244
3857
3421
4130
1328
2699
2149
2623
2385
1028
1578
555
311
2141
551
16
4115
3314
440
906
630
3361
4013
4599
5218
228
859
4113
3284
1627
4631
1496
2683
1272
2922
3849
3920
1522
4220
2373
5117
4175
2176
4018
4656
1962
2850
1265
1450
3078
1797
2791
1793
981
3434
2551
3599
1620
505
2757
530
3847
4642
3653
1824
710
1
366
4056
3422
4059
4131
788
278
4016
75
301
3790
4395
636
3238
1133
4422
1248
1252
4520
4243
2090
1937
3349
1872
230
3572
2762
1953
4094
4645
3522
4443
3579
106
394
2258
2764
5025
1341
4561
4478
5286
2407
4929
131
1696
242
3061
3734
2761
529
1179
2425
1406
2943
4436
4124
1101
147
5226
4015
4887
3472
5179
433
1716
2288
3159
587
4928
5193
390
1586
4567
2435
3027
364
4491
3494
1636
4242
495
1215
300
5260
2613
4092
1250
1979
2556
3902
4288
1403
1660
3866
4257
891
4199
5229
3488
883
4029
668
2763
4586
3132
863
4931
719
610
525
4241
4370
1565
4662
4573
1269
5127
881
2917
4260
2869
1236
3761
1432
984
4108
3417
50
3580
368
3998
4080
2989
2660
3989
4474
1442
3535
290
504
1801
254
2138
181
39
4890
356
5132
4441
2958
4798
3799
4609
723
3558
1111
565
2585
404
4179
2995
4414
3389
4804
3013
784
510
1095
4312
218
568
2880
4540
4688
4457
5177
1363
214
622
3498
1929
1079
1581
4785
3322
4325
2713
3883
4364
1855
3392
1083
1978
1120
2235
2162
2505
4970
746
5163
3015
2098
1795
5277
3115
4911
868
659
722
4818
3036
4582
2709
1063
661
1162
2305
1487
4393
2804
516
2095
5268
2054
4715
1645
1585
3127
3442
3832
3401
4467
4702
1930
1292
4082
1686
2321
2813
1316
492
685
4154
2519
850
4812
1031
113
3983
2049
1225
4778
3081
1263
4498
5014
1852
2933
3390
2739
2647
332
3895
1476
3990
2285
4922
3035
1057
1548
3764
930
4648
928
4935
1355
1573
1140
326
2063
5126
3100
2014
3192
2555
3571
4579
5199
2450
3425
4870
3537
3112
1859
2528
3539
1531
2171
4404
5165
2811
2021
4141
3203
4680
2824
2281
1326
3534
3468
817
3560
3974
2844
3952
3450
4310
187
2264
2094
1306
4277
2820
478
2184
737
3825
3644
460
4745
1725
1093
5282
1094
4227
3882
4796
579
831
713
391
225
3508
2723
327
4388
3186
1171
4643
887
3218
5223
3180
108
5121
4791
1199
1730
1176
1233
2674
1448
3308
2759
2443
2240
2366
2387
3151
328
4663
88
4697
5006
2412
5046
1470
1283
4496
2153
3544
4104
1598
4265
2604
3543
588
4272
3850
1948
3139
2363
4598
3637
1931
1526
31
4644
1455
1180
2711
4667
1253
3005
2119
1099
1423
219
832
223
4000
1724
3976
3125
2496
1676
2684
1525
4109
1918
2337
4343
1183
3756
19
1783
1639
656
4098
4952
3641
1643
5209
1640
1679
2518
1901
3358
4666
5011
1211
3371
3964
2185
2628
2718
4620
2365
2046
1552
4096
1372
1756
1124
135
1868
4963
974
3874
1362
2998
3330
4719
4920
4654
1946
3870
3905
3280
4336
3148
2742
4913
813
2359
2800
1068
4390
1944
1324
2461
5148
1070
5228
3853
2320
1388
4408
2584
2513
2864
909
3156
0
163
5110
4044
484
1087
3583
1494
3791
435
2774
5300
1116
2929
924
3876
1532
4142
2860
449
5102
4646
1784
4118
2553
472
3565
1749
3155
3888
1867
1964
3395
5053
4042
3181
2740
3755
4901
3556
5081
244
1465
4903
3848
2339
961
2353
825
1266
17
811
5173
1150
1790
3918
1574
1965
4634
3829
672
3455
1125
2951
3828
3944
3762
1126
3865
778
5106
430
4558
1062
5060
2038
2380
1066
3352
4502
4166
1876
5052
1073
2734
3356
4499
1507
5128
4192
3152
4459
145
976
1424
1754
512
354
3372
2218
93
1641
1218
1566
3751
4135
2084
2520
177
1666
3852
3896
941
2191
1399
5005
4784
546
3935
4078
137
4158
1288
3721
1619
3757
2677
170
3108
1943
4576
4472
4403
4089
3364
411
4495
4326
2766
4261
3916
1607
2303
4658
791
4753
3463
1677
4290
3864
2634
62
4900
3859
128
4437
251
2886
3030
4637
3831
2834
2720
4776
2870
4262
3014
1966
4603
3002
4302
1131
908
2833
4724
667
1345
5114
522
5222
2492
739
3879
1441
1069
1443
468
32
267
380
2048
624
4469
4917
4608
4456
1431
2705
3490
3101
2485
2889
3767
3204
4602
4281
1255
419
2874
2498
3577
382
553
655
2302
2457
949
4718
3340
375
4953
2928
4932
4093
1559
261
538
705
3912
3470
1232
899
4162
1413
3719
379
4572
4452
4331
95
2779
846
3531
1036
3981
5296
2391
1755
3104
3555
317
1856
748
1278
1408
2996
4215
2092
4139
1312
1982
5267
4710
4617
3223
401
648
4652
2670
5120
1303
2542
2136
1259
408
520
4240
3072
2981
4444
5276
4751
5244
1064
3943
3529
191
2055
3057
2745
1297
1562
3907
4754
4925
1649
2035
2994
1871
3355
2126
138
4090
2724
4368
1771
5130
2828
4568
3559
4668
2045
987
3073
253
2139
4624
3309
3449
378
2914
2164
1280
4988
224
2879
3129
2835
2882
2999
1600
1659
4490
1409
270
3869
862
5026
2169
1390
789
3487
4349
549
790
1537
4060
2755
3207
1158
3707
186
1136
2941
4477
688
4251
2057
2908
4323
4099
3914
4674
1835
2018
1735
140
3917
2471
3023
1610
1366
3720
3454
4171
4415
1717
4252
4271
1601
4055
1899
423
2208
5116
2307
3542
1506
2470
4327
4406
102
674
1458
2900
1378
854
4453
3956
4549
1594
1592
3205
1665
431
310
3906
3188
4510
4916
236
3111
2244
1157
4492
4639
1805
691
4070
1365
3357
751
4296
978
4786
2565
1197
3274
1516
3886
1584
4661
3327
2265
3489
4835
2817
521
3982
485
1047
2159
1638
507
4506
4912
3835
36
704
1141
5289
1530
1626
316
623
3320
3439
4221
4412
2223
604
1523
4686
820
3986
2297
4449
173
2041
4957
4518
2582
3095
4140
2386
4258
1693
3318
1621
1234
2319
4152
5137
1629
1405
4066
2301
2287
4359
2616
4996
4027
2509
72
4264
1464
2234
3062
1173
1172
2499
2829
2034
2006
1451
2975
2635
4504
3282
1475
1650
322
1021
1027
2025
3501
289
4250
1710
2188
3808
2662
3519
1615
3540
3138
4182
1029
1605
4465
305
3949
2037
1614
4061
4978
308
3071
1223
180
377
3482
157
3908
2299
5113
12
2899
2708
5283
3985
747
4037
2454
4918
49
3766
3067
5227
938
5070
1628
212
3195
4825
830
1325
4486
2008
2932
4095
962
2157
4909
4202
3788
3403
1556
5000
4921
872
2799
1806
392
2233
2278
3999
1019
5288
2891
998
1308
5180
3394
4185
3957
2827
4619
422
2309
3971
2822
517
2792
5217
2396
4653
1692
3573
488
869
2837
1076
796
1138
5124
3867
4933
2273
2581
1400
3341
3526
58
1246
2818
3010
4071
2388
834
1817
1786
1804
3929
2222
1067
2927
4384
2069
231
3107
774
268
1107
1711
3871
1444
3172
342
677
2743
4683
3524
3962
4329
109
2316
3541
1739
1697
4411
152
2040
2031
4906
2295
4062
1635
2023
2148
1840
4588
2721
4559
1089
4079
4075
2442
2350
5131
5021
4714
4324
518
4344
4052
4346
2160
2370
5027
5098
3198
80
3471
3406
1311
4046
2557
1319
1075
2438
1838
60
3495
252
1290
66
3424
1042
2972
4110
3517
4560
5075
2808
3877
2379
185
4190
4707
1485
4500
4274
559
1515
1528
1999
4020
5256
439
536
514
2825
2617
2127
182
1647
4382
1251
2263
4592
2993
513
4149
1414
4107
1766
164
2744
1177
2194
188
452
4595
1858
1228
2997
4899
4475
2393
4699
482
3497
2930
3056
2128
1196
2291
4426
3550
3201
3994
2345
451
4956
3063
2936
3516
450
4972
4217
812
3385
1181
4357
1648
4121
4587
3884
1318
3477
3003
4363
1714
4493
233
2293
1520
4659
4725
1084
4616
442
14
4432
3441
1486
2586
2773
663
249
818
4771
4206
4064
2838
149
526
1608
3891
2846
2785
4720
45
4746
5118
4188
4420
4859
220
884
2004
3967
4756
1200
4048
1637
3578
1264
2389
3890
166
914
4049
4691
3980
3659
3830
4176
4517
1034
2378
995
4556
554
3562
2863
443
3304
858
1446
628
3607
235
3979
30
701
1701
4508
547
4606
4468
381
670
2840
3938
1350
417
1412
4259
1571
2544
4684
855
4328
3230
158
3581
3022
98
4338
407
3058
3478
824
758
4877
3845
2410
2486
176
203
777
4532
3862
1193
4072
2983
1860
5150
1606
3094
5245
4253
4563
609
2170
1803
5152
3789
3076
1238
1182
2626
3863
2371
1720
4626
4163
3735
111
827
1205
3551
1687
4291
4995
1715
2697
1981
4340
4923
2991
1276
2738
3546
1847
1452
3190
3131
3812
2190
1185
1380
833
1395
4396
3182
4463
3066
4366
298
3376
1765
3934
3479
1011
937
4322
2731
3564
2026
1857
3769
5024
1385
2398
3089
115
4279
1241
1061
3763
136
675
3312
4196
900
2227
425
1658
5023
4694
1468
3118
4173
4915
1184
2836
4348
511
4186
4511
4562
1134
2419
424
2875
250
4690
1938
3114
1096
775
2830
2832
2547
1624
3199
3365
1811
2211
1809
4295
2594
3059
1291
3532
255
1683
86
1827
3128
3064
4806
2146
1346
4434
1411
194
1220
2712
1884
3563
822
5188
1361
335
168
1407
1646
4297
2282
5111
1544
4711
4701
1609
3486
2279
2394
4769
1604
1463
2348
1482
4385
5157
405
5074
3387
1221
1239
1815
1788
1401
1160
3897
5054
4494
889
708
4103
3705
1816
2679
2988
601
1632
2336
1170
2044
1159
4050
1796
4155
1190
4780
5206
1149
3576
489
3900
3813
2180
3133
2802
5038
4377
3548
1456
4184
3860
618
1923
1832
724
2599
3509
955
4604
133
2512
3621
3311
1113
4673
2183
816
2068
3077
260
1198
997
3536
1104
681
2286
3393
3438
2606
4183
4692
1404
396
1954
2070
1656
1538
2887
4074
917
3236
2807
1728
4270
2196
3677
4280
3480
3055
3567
4287
540
4837
4897
3110
3191
4809
1558
1576
4178
1887
4032
4470
1191
953
1698
1426
3993
876
4905
4755
686
3921
4638
2024
456
3310
4739
2819
1764
1691
2268
2019
4419
4687
2990
4655
684
2671
2881
3419
1583
5051
389
4132
323
4458
4516
3997
1980
1554
3820
1533
3752
3279
3473
5085
160
4030
3185
3032
3525
4895
5037
3780
4239
4314
4815
1098
1732
4717
5183
4515
4999
3732
3481
2501
5123
947
1229
1675
76
3126
4487
2831
1568
2056
2725
1595
3811
4150
1807
2269
1688
2000
1674
973
5185
4722
2665
3969
2815
2600
4301
4156
1588
3428
913
1007
3507
4268
3566
2252
2173
703
2524
3158
4077
1758
2987
3868
2166
1119
1569
5151
972
1706
2719
2716
4170
1700
3950
3953
4509
487
57
4001
441
3878
4269
1570
1026
3430
455
4273
4033
4766
1020
1596
773
3995
963
919
3319
4451
5122
1090
2228
1295
3984
2901
548
1235
2548
4315
1461
3209
2890
4601
4858
829
1040
4461
4254
3492
496
4002
1617
4197
3476
2283
3925
5161
1371
3474
4630
2672
1842
4703
2262
1208
2607
2377
4471
3157
2805
4625
4216
2629
3408
4596
3323
4255
3075
866
3142
4047
5136
1479
299
4017
4507
4040
1547
649
2583
4058
2967
2777
3575
2839
1065
508
1457
3029
4512
2340
4320
1382
2161
3105
5068
1188
4345
457
4065
2093
306
4505
387
2903
1597
432
333
1563
4097
4333
528
2637
466
1462
189
2801
139
337
3926
1718
467
398
5160
501
1557
3106
4557
3137
586
5216
374
4203
409
2358
2906
4069
294
5257
413
144
329
4169
262
312
5169
3903
198
65
3892
3060
577
5220
470
100
550
227
5135
386
4445
234
96
153
155
179
6
