7300
10047
5707
1703
10100
4502
4222
10228
9918
1082
9791
4055
9671
4051
4920
1863
3973
5222
9500
6067
2862
7164
7798
4505
10223
7200
10099
10072
378
6456
3894
2763
10086
1529
959
4103
4078
10290
918
1860
5148
3998
4461
8154
8584
6098
4501
4065
3895
1674
9703
4894
6401
4522
1859
6422
2256
10233
1562
1997
5871
5894
4064
2607
2197
10376
8465
4165
925
7328
6488
9339
9619
7363
7923
3793
7308
10235
6731
5797
2240
10076
6658
978
1861
6444
3134
7119
1645
4246
7330
2271
6657
3918
9583
3877
9681
2507
1971
10288
5173
9602
10117
6466
8189
4798
1960
10069
4104
10250
744
10058
4323
5441
5712
1043
4497
10391
10212
4261
7209
8669
9534
4054
1697
1513
10012
1813
1726
6085
7098
193
4070
5162
1974
7101
4964
975
10272
1965
3986
6272
2615
4489
6171
9325
4066
4067
10294
10273
10397
7210
6659
10103
2474
3964
10093
10056
6292
2784
2211
10338
10092
6665
1569
777
9847
10357
7206
1720
3792
4470
224
5200
3971
1673
4119
1964
7267
6491
4278
4848
9011
8419
4335
5149
4437
2117
5855
5849
4077
9979
7204
2077
4500
10366
4462
5241
10104
7208
2245
1904
1134
6322
4058
2189
7202
1489
6056
5851
4519
7335
7121
5155
1690
4081
594
1839
4090
1981
10109
1619
3141
6405
6406
4057
4763
4318
1694
10108
10291
4988
5327
4350
3133
1962
10071
3334
5157
10317
10359
10074
3969
4313
9919
4905
864
4068
6411
922
7183
6423
4072
1642
2230
1901
186
6533
10091
6341
1688
6321
10380
5840
6391
5328
1972
7197
1653
1986
8631
6420
9972
2372
9843
6282
5438
4454
7192
7109
4761
9893
3861
9184
6425
29
9354
7298
7198
1639
6408
4933
7166
1121
1127
3840
9738
6445
7327
10106
3120
9657
1723
4080
10079
4169
1652
4523
298
8726
10218
3167
10395
9875
9781
3987
7694
9316
6467
10312
5823
4441
4074
1906
9328
3180
2120
4516
6374
3990
6503
5147
4455
7123
6313
974
2000
3923
4432
6660
5169
10336
6307
2184
6224
6062
10354
7309
2671
3893
10008
4754
3924
1961
6431
10034
3281
7274
4458
7609
2008
4967
184
6678
7644
3157
6457
6063
7431
7345
5326
5329
4950
5221
10000
10329
13
4955
6524
4447
10077
3791
10258
5199
6057
10251
10011
1843
5820
6435
5176
10224
568
2007
6404
172
5711
9569
5150
9231
1698
581
5055
6146
10295
7385
4509
6410
9873
9099
1610
9672
1862
7925
6461
1656
6429
6676
406
5717
2980
6096
1693
7207
8366
7184
7269
9938
6334
2174
7196
5298
5045
1994
8165
1990
6483
9837
4534
1814
3578
9612
2003
1895
4445
2594
4062
6463
2702
4528
3775
6447
10089
5716
2055
10081
2080
10013
2885
1094
4929
388
6412
10400
6434
10373
4162
5190
4092
7215
5032
4780
9846
3941
1689
8742
1637
3876
6449
7096
2777
4133
9572
3156
4129
10337
9516
10361
7812
10348
5141
1402
10292
10384
6079
6123
1687
1992
3835
6076
10331
5248
8836
6326
4969
4527
1996
5166
4387
5164
10115
7307
2274
355
4515
10383
9941
2725
6451
5250
1660
10097
188
5856
261
3547
7290
3786
6558
7099
10222
2183
5163
10057
5758
6323
5247
1968
343
9730
6071
2144
4075
6478
1875
10365
969
119
5151
2531
4184
4443
6414
5334
861
856
4835
6415
3088
5208
6383
3184
10032
1259
8989
7264
4499
8058
6651
6335
7213
10010
3991
4767
836
1704
10385
7301
816
4957
9836
6088
4481
1732
2213
4453
1021
10088
9937
9990
5203
6174
10070
859
1647
10016
2216
10082
7271
4514
7227
9513
6073
6871
1579
4753
4496
7915
3972
2606
2202
10315
10018
6011
10393
5865
7368
8632
10322
10094
4992
1039
1669
8984
2754
979
7178
923
5192
2751
2204
351
7943
2879
5219
1682
5429
5347
5461
9739
1695
8689
926
8187
10293
1763
8525
4037
9900
9867
7901
6100
9932
4071
6675
10344
4079
851
6099
1584
7294
4397
156
8186
9984
4038
1644
7289
1903
912
897
2373
2802
3891
2190
367
4175
9428
721
9523
1427
6269
4459
2192
6668
7265
4442
860
3955
3125
5399
2579
8192
3759
3130
1436
5821
4076
10102
4167
840
1714
6376
4311
4881
10090
1987
5268
4340
1921
6496
4232
373
2504
1934
2247
2141
2203
2137
10236
10320
6564
4854
4863
2670
9733
10375
4510
9964
6846
6381
5142
7245
1484
4192
6682
9541
3945
853
9384
10259
9780
4409
6409
1849
10407
4951
1681
4334
5191
10343
4452
2092
6121
5224
2584
9973
7979
6432
1662
3933
3600
5097
3158
7338
2762
1728
920
5238
5372
7942
10098
6452
4132
7182
6554
7152
2050
4460
8371
2560
9921
5472
1752
6072
5471
8442
5154
1742
2207
7217
4504
10326
1848
6562
3738
7323
1806
6407
5714
4134
7747
1658
1273
2327
6064
8758
10132
6176
3611
5229
2811
10031
10114
9761
10111
7297
1376
7263
3771
5383
7295
5847
1850
7302
5706
4339
6110
2222
1858
9842
1549
6433
2078
6403
2457
7257
5197
8494
9835
10351
9851
5323
831
7146
4804
7175
5201
1409
2118
2596
10188
3857
9845
6468
5402
5196
7216
6417
4069
9381
10073
2805
6192
4438
10060
5236
10080
1973
2786
4493
4756
4063
7226
3182
6486
10245
3906
3965
10362
4533
7758
6458
7195
6078
1691
2267
5170
1654
5220
3907
9849
10004
6109
4406
5044
7148
6448
5144
9840
10225
3672
6521
7411
8596
2856
5703
3221
1589
5281
3988
166
5195
6283
1731
2005
9279
9606
6439
7557
8965
936
4972
6541
6147
6418
4229
4834
8476
4164
6992
1558
1722
7743
1282
4973
6464
9785
10101
8071
1963
6356
10255
6111
5389
4944
5172
9841
4910
2849
2813
927
2073
10349
8855
1638
10078
7856
9906
10284
6480
6191
3092
7739
10107
10083
9324
2208
1969
4197
5012
9850
4498
7131
10229
599
2084
7149
7254
3914
6544
7284
6561
945
10068
3777
2004
10105
6384
9520
9910
6108
5817
10260
6671
2158
10095
4257
6008
7371
6303
7127
7866
7999
120
575
10234
4328
4044
2740
9978
10355
4039
5876
4506
6689
6084
4414
8648
6082
9510
7248
4117
10085
4115
10327
3790
7181
6315
5168
1628
1435
1812
1710
1056
7742
1393
2198
1635
4301
3814
2193
6083
6354
4287
863
6416
7299
9421
6756
10302
6470
1648
5312
4025
4270
8676
4439
4249
10009
10333
7346
6161
4073
6284
5156
3148
7926
4953
7158
6232
5833
7205
8087
3795
7374
3001
6479
5209
6556
6117
819
1950
4172
6459
10350
3970
3968
9577
2001
2835
6379
10296
1672
2897
1201
6134
4487
6453
3788
4341
5694
2450
3022
4773
5217
1900
3186
10427
1898
1374
2176
6551
9678
6527
8005
3879
8257
1663
10341
10339
1651
6102
5165
9427
6035
4059
5858
1724
7100
3155
1332
5057
9238
5332
1497
8656
7199
5060
7417
6201
2006
3899
3075
8612
5705
6052
2832
4299
7235
2209
10347
3176
9246
10356
2573
4121
3024
4351
8166
5974
5870
5025
2187
2699
4176
2210
5046
4325
144
6441
4949
10285
9565
919
5007
2549
5857
6776
2140
10033
6512
5837
2747
6656
2685
6460
377
10123
9010
6413
5866
6493
4185
3994
9663
5276
8180
9957
8404
7319
8944
7616
1667
6490
4127
9616
4370
601
4028
5078
74
6953
8110
4158
4353
4402
5086
6402
6788
5838
214
9904
10116
3962
5109
1064
5029
5246
1508
2020
6097
2780
10252
2173
6443
6958
9922
4322
2845
8614
6537
6094
4307
6442
9749
6289
10019
7679
6185
10046
921
2371
3811
7287
149
7422
2893
1988
6426
6748
2983
10065
1783
4750
6137
2595
6070
10110
5892
1896
9331
4056
2970
1596
5167
10379
7810
1306
5902
5824
4524
4108
6337
6419
6438
10257
4421
3359
10230
583
6502
1517
4975
6532
4959
5210
6065
1781
9358
9965
5798
9883
9746
3888
2231
10067
4971
3967
5867
4312
8168
9769
6105
2787
1649
4760
7318
3910
820
2557
2691
10075
9001
4532
9884
4751
7126
4098
3132
231
8132
2029
2899
1791
5188
4170
10113
3985
2961
6103
3781
1287
4049
4110
1676
4125
6059
3898
4149
2217
1773
4168
1789
1331
1270
2809
5202
5881
2214
5027
4251
7713
6465
6091
10238
9330
1692
9756
6358
10112
4977
10261
1457
10378
7236
10051
570
4456
910
7113
6378
6087
5322
9993
1133
5333
2696
1677
7212
6637
1678
7353
7312
1371
924
2755
2034
1719
7343
10227
6685
4513
2823
3822
9890
7114
3166
6446
2711
2673
9963
2705
6703
8522
1554
9170
5893
2866
5189
2279
8931
5901
3883
5698
1011
3720
5801
5982
4759
3904
6732
6421
331
5880
1841
2280
3177
5737
10277
4052
1727
10358
10084
9901
4021
8148
4401
7367
4792
6351
4330
408
2841
3165
7262
5160
6400
9578
1970
9570
1465
3799
2471
7270
811
2870
8177
6390
1871
2701
2257
10311
4047
1398
228
5890
9959
4248
9284
1559
5468
9364
4298
2150
9945
1367
3989
8145
6571
8493
2703
1664
4440
1650
1441
1007
4171
4752
6565
5723
2201
6501
4624
3976
5070
5729
4853
9553
2878
6143
5325
7102
4559
1511
6430
4596
10345
6476
5321
10096
10387
904
7266
8456
1897
2655
7303
6775
4178
3807
10346
4978
2791
3189
5054
7145
4976
9838
7997
9779
87
724
9690
4764
194
263
1081
7214
1715
8930
2153
10335
4970
6295
6387
2125
1354
9508
5414
2235
7219
5056
1372
9571
10287
2772
5836
5713
4174
7443
6074
4847
4966
4450
6392
8966
6348
151
2036
4369
8639
10278
6450
5828
4102
9759
9600
1265
5099
615
1957
4317
2228
5286
10297
2619
1857
5745
233
4983
2843
1659
6917
6683
1113
1509
3394
4757
4091
7398
2900
4677
9989
6296
4124
5442
6044
4030
4321
4391
10282
8719
4268
7934
2157
1655
8582
9241
7194
6239
10434
2002
6055
1419
9564
4255
4177
2126
4956
4936
2903
4344
9344
5868
6333
1902
2872
4294
2838
10226
6054
191
2812
2070
4331
2072
561
7247
1449
3802
1977
2884
5284
8524
2469
4329
9687
8649
6601
7807
2556
10030
834
7325
996
6372
2205
4320
7352
902
3937
5181
2223
4262
5873
8153
6144
1940
9839
4846
7765
2200
7418
2850
3154
6245
6089
9521
3992
7293
1510
4749
725
6567
6077
5365
10283
9848
2576
5158
2159
6437
2848
662
4166
2756
1198
7754
2858
6177
9385
10377
5299
6865
9529
5722
1564
4404
3030
10041
4444
412
6394
4930
4991
1852
9668
6455
3168
3912
6311
4349
2406
9983
9528
827
4857
2790
2115
2667
5474
9981
1928
2603
4449
1561
2132
1671
8414
6345
3020
7095
1256
8169
2506
788
7851
2218
1582
2191
5047
3674
7933
8660
6293
1729
3161
5852
4181
2532
5718
1733
4900
786
8730
2199
10388
8697
2710
2030
4503
1030
8690
1797
2178
5972
1959
2746
6330
9561
2121
7241
7273
5315
5874
6196
2116
9110
8740
8712
5818
6350
6388
5042
6365
9933
1989
1615
9515
8159
1712
5875
1684
7406
9401
17
5391
1665
1819
7362
2061
10318
7884
10370
970
9386
6184
6364
5048
4418
5459
10217
2221
3711
6187
9950
10372
5223
6670
10063
1036
765
4899
4726
4858
1203
6172
9506
7326
6005
6368
7797
706
5791
579
2009
3129
5251
1040
5877
8661
9891
6529
6506
3029
4368
9489
1295
9503
2582
2161
4430
6007
1966
1555
152
3163
5903
7246
6436
5869
4216
3111
1701
2968
447
7935
4114
808
1998
4191
8135
4281
4283
4385
7430
3881
3789
7252
3810
6080
4327
5311
181
4198
7932
5213
7258
4426
10381
976
6346
338
2179
10438
4116
5143
2056
9908
9969
10184
4859
7291
4041
3201
6552
5121
7344
7700
1005
8069
2810
9141
5021
7296
6362
1955
4136
5184
8615
4300
7710
4019
73
5829
5145
5731
8401
4974
818
4388
3887
821
1102
10334
1762
9290
3978
764
4144
5465
908
3008
813
6273
4758
815
3172
1473
822
7416
9551
1641
2219
10432
7279
2435
7924
1905
5850
6715
3921
10323
7358
3853
6454
1058
832
5051
4420
9951
4939
3984
5104
4755
7332
7908
5252
6058
60
5182
9961
1999
3997
7256
1626
6069
10064
1188
1050
5198
1835
9659
4938
7705
4413
7154
8659
4782
8415
10360
6304
5839
1947
463
2881
4120
9554
115
3162
7268
3805
2224
8209
5178
7952
8668
3169
10275
6061
8508
7147
2186
9792
5816
7225
5891
10386
8287
9878
2642
2268
4352
4203
3227
5422
4378
2654
2792
7243
3966
1885
6034
4398
6162
3159
9294
8537
476
8640
8611
1699
6344
10200
10022
1481
4343
1993
10021
7232
8633
1591
4839
4446
4107
8157
9982
1083
10425
5137
10168
8031
6236
4210
6424
4267
3250
3820
8952
9987
4206
3077
1285
2750
3181
5063
6095
6297
1493
2816
4724
4451
4819
2011
268
8266
6525
9695
4086
4886
1705
3796
6014
1867
9023
9862
2375
9863
2955
6692
9604
7771
824
5171
9239
4286
5254
1700
9546
1646
7930
9885
2032
6342
2466
937
1640
6427
4020
6535
6484
4855
830
7843
2039
10396
4989
3628
4965
6285
8091
1675
3782
6534
8527
4935
9418
1310
2033
7648
9000
4122
8111
1261
3874
10394
4531
2180
4392
6367
1335
2599
10364
398
3915
6504
1051
9722
7132
1630
7229
9907
2793
7939
2936
9870
5863
3673
2427
8188
4375
4384
1129
7340
3902
6002
5076
1780
390
1899
6761
9407
10363
7111
1414
5719
6485
5897
1666
2753
4968
944
1706
1211
10306
823
787
1543
6118
1553
6711
5825
2226
6195
6093
7425
1869
2500
7804
9994
4771
1280
9526
4303
7956
7806
3889
973
7407
4265
6149
4336
9728
4428
9677
1200
5352
2255
9960
3999
10340
8662
9754
3700
62
8230
5015
3205
8507
8504
4427
8764
9286
5296
7174
7275
814
2326
588
8509
4319
6549
7261
3913
7093
10120
8646
5005
2026
2241
7118
7231
10435
4826
6136
1222
6781
7286
4010
2749
9341
5006
2804
5701
2232
789
4827
7314
2101
372
5249
6081
9095
1433
2752
1028
6119
2258
2565
4390
7860
9373
2088
980
4183
8144
2212
10256
6
9638
915
2130
6314
5387
9876
8084
10017
6690
2168
1606
9887
7277
6481
8416
5107
2014
9731
1595
1657
5050
9372
7288
6995
5140
1545
9936
5035
6494
3884
9892
1755
6511
10298
2013
1618
2169
1978
5859
2779
8412
5058
6277
7313
9970
4934
2040
6197
9007
7878
2149
7365
4159
2775
8530
1587
2146
9666
5773
1490
7947
2015
2566
3848
5696
3140
5734
2781
10299
7399
5577
6104
5174
9353
8141
1982
9394
611
4284
9559
7426
10240
10189
5695
4354
8288
4280
3448
2689
2188
9915
3832
10420
1807
2053
2988
1609
3187
6778
768
5864
4225
734
878
4657
9383
3809
8970
942
5239
8714
7180
6281
10301
5819
3164
2722
8477
1967
3152
4309
1643
4245
6066
8763
9540
4193
10442
4431
5212
6023
1822
6276
6278
9772
639
6113
1776
4772
810
7420
5316
9362
1571
3717
2068
5043
9512
3681
10219
2773
4060
2044
1823
573
10325
6231
1601
6086
4770
3798
179
6328
5995
7938
8150
6141
7322
6686
1777
1702
9909
7107
6517
2508
3206
4106
3797
888
4338
6522
8020
2206
7918
7970
6469
5186
4877
7244
1611
4023
5702
7324
4928
7990
10247
6339
6523
8029
6140
4231
2797
7842
6398
6371
3676
7218
6440
5314
1341
6270
2351
1995
9929
806
6509
8381
3146
9676
6560
8636
170
7342
913
7917
2045
9399
1474
2151
1818
467
2108
5320
5860
10237
4275
4100
6474
9360
9536
5404
6377
8459
941
7980
7922
6138
3919
1832
5009
4883
972
9376
877
6396
8377
9425
5030
7062
3808
1696
1686
7421
10062
8191
5230
3142
1893
6497
2131
3124
2587
6324
9527
4099
2789
4893
3126
1847
9615
6053
5882
5733
2770
6495
9322
8963
1620
8130
3948
5103
2023
6673
7237
7238
6539
2612
6154
4423
7211
4817
3917
2767
5064
5756
2694
798
4089
1539
4082
4088
5077
2569
360
7486
4259
2795
7853
6462
9545
150
4285
9053
4308
2662
4273
5473
4508
5125
9524
10352
5013
4379
1680
8586
8529
2079
2097
5375
4987
3920
1412
8185
3812
9398
8365
10191
4297
1744
6092
9670
9708
1424
6679
9269
1132
1612
3375
5010
9625
2982
6641
11
6543
4095
256
9874
8713
5467
1670
6156
382
2181
7370
1119
1092
7186
862
6518
6545
2714
2679
2666
6566
4985
9342
9704
4781
2043
5110
6655
1614
2760
1661
10353
5293
2195
6626
4494
2888
6049
5700
7067
10332
7903
4173
9392
1279
3940
6389
5255
4931
4416
10374
392
5292
8161
7361
1487
8720
6160
2273
6538
9853
10403
2906
8698
6386
109
3188
1264
6048
7143
817
809
3178
580
5811
5309
1080
1012
1068
8449
4109
3413
8521
9753
7292
9788
2672
9679
3836
9505
8447
2472
1808
7112
9673
2196
6380
2613
8023
9315
7788
4314
1883
6305
8469
4785
4916
10216
7821
9356
2641
8497
9502
4233
2761
3013
6153
4880
6666
4889
7239
8155
8182
8938
5854
6298
6237
2064
9902
2684
1931
8362
1709
6188
1519
5028
7140
8373
1437
8167
1328
3667
9558
8736
7168
1708
389
1420
8650
6217
7228
9518
7946
4199
10307
1633
2185
7427
1991
9928
7220
6393
7402
4778
6301
10308
5231
6555
7250
10276
2374
2119
8647
6238
4266
5843
3859
3892
4316
7391
791
4004
6369
745
5726
3193
7423
7401
2597
2065
9669
10254
2446
9844
8480
2049
5341
8138
5762
9414
6068
9755
3200
10426
2239
164
6547
1000
7201
4424
6542
3803
322
4326
3276
1516
4512
5724
5008
6373
4864
117
7748
1207
9732
6316
3325
5308
4372
6291
4315
6743
6570
6489
4941
2876
772
6492
4892
7697
844
1721
7160
2570
8488
9028
9522
4457
9530
7887
3896
8628
2244
1175
2259
10313
6559
4151
6106
5457
6779
385
5899
8202
7905
9715
7872
2071
9562
2748
10389
8056
6642
2025
5267
9699
1820
5835
6234
3882
898
6280
3780
4035
1717
10390
4288
9765
3684
3979
9727
12
1237
5861
2501
6352
1683
8701
1037
2473
8933
2449
8630
6530
2167
4623
3721
10192
5187
6165
4140
2757
5872
4399
4820
9514
9118
5844
4492
5161
5228
8499
2485
8142
5111
3691
2083
6563
5152
4282
6849
5368
5105
3911
1758
7334
7408
2139
3996
6090
1741
5721
2452
1195
8753
3903
1112
2571
10001
6107
1041
1540
7251
8051
7914
7242
1707
6654
6299
5379
727
9004
2674
7888
3890
4448
6572
1829
5098
9430
4862
9016
2768
9511
4272
9723
2243
4111
1066
5304
5470
2716
903
6514
6568
9396
4794
1520
9538
9974
8686
9682
2227
8760
1438
8997
85
8486
3137
2688
4394
899
6031
1576
3143
10321
5810
9757
6025
1815
7233
2834
8813
4163
5237
9686
6158
2082
7104
6279
5079
6540
10382
5023
6133
5313
4269
2300
2018
6513
4629
2462
1826
5805
1919
4490
8151
7830
5289
177
4998
1578
3784
6954
7138
3118
9003
9566
8737
3688
6349
1009
3151
4806
2114
8937
4940
5295
2678
2890
9641
1730
1086
1975
7886
6594
4263
2074
2552
5324
7177
9317
6786
9532
5889
3983
1468
4346
4898
2551
8001
1925
7305
6644
1383
6510
8741
6573
7106
1518
70
1736
9697
9568
1303
6355
3722
5834
10059
2902
9318
499
9573
4223
6263
1916
10316
8146
9116
7129
1560
4776
2846
7709
8395
9402
7223
5419
8178
1668
5913
2742
5285
2081
9778
6357
1874
6306
9935
9865
7976
8179
8175
5727
8707
7397
767
6752
3909
10024
3175
7601
8160
5371
1933
3713
9537
3307
7360
3925
3204
8171
4258
9696
8134
2010
5895
5741
3901
3683
5885
308
5338
7711
2163
684
8511
8580
4207
8176
2839
265
9882
2562
9674
8386
5072
3352
1504
5235
6487
481
4279
2094
3238
9260
8674
8181
2066
4024
1020
10136
5785
7341
1866
8081
6340
3886
10020
6101
2690
5253
8685
4906
106
7974
9533
6343
4374
2233
1291
934
6168
4355
5258
1817
9988
9323
7966
704
2550
7998
3922
4937
3776
5194
4919
5900
2894
8703
410
4205
7454
9404
6190
8490
2242
7281
9517
3834
4045
10392
7240
3873
4366
10408
5331
9999
2693
900
10409
8502
4745
5879
4766
7278
2976
2602
998
2165
1634
9333
5826
9636
3952
7333
2962
5041
4765
4154
9382
9868
8015
2739
2877
6039
3483
7285
7689
9006
9371
6526
6662
1077
5831
7224
4386
1930
2886
857
4897
4986
9905
1360
8829
1586
6557
5261
1448
4234
1136
9535
1711
9249
7796
1116
5088
9345
419
4614
9614
5912
1426
7529
8705
5180
2945
1845
3980
1368
10129
5305
1495
8149
1340
2686
8368
1914
8487
5728
4123
5405
916
5697
5245
9896
4196
2042
5177
5179
9958
3532
800
971
9626
6694
5841
8092
1600
2076
6116
7795
1034
4306
6653
379
7088
1604
4790
10310
5845
2657
5330
6135
4292
7259
1281
10309
6169
3171
7179
108
4376
9714
4577
9412
6258
8998
9244
3516
5735
6868
9789
1057
3761
9346
113
6219
2194
7255
4856
3463
4963
9741
9451
8133
375
2175
2830
9410
10428
4918
5081
8667
2737
8658
7750
1794
5505
7142
2977
182
1795
8510
1621
10055
9544
4097
7977
3804
9980
559
1605
4036
6347
6774
9782
5319
6145
1515
2524
977
7137
1369
6338
9913
5159
8932
2127
3869
1373
4138
8541
8173
1754
1936
3905
5277
10206
6120
4264
9735
9579
4333
4734
8342
8657
7897
1805
1868
3139
8629
4556
4540
8379
3185
2554
1008
7892
6193
8994
1753
5708
6128
653
10150
1042
9254
8513
7920
3252
7311
5183
10319
8723
5776
2861
6428
168
3806
4879
879
6911
3718
8765
6186
8393
3682
6472
10043
7336
2328
7693
1193
6318
8361
9713
1108
7633
7253
8724
9397
2156
7959
6151
8634
9390
4218
3826
7230
5366
2220
10314
802
2617
3371
9630
4305
5952
4698
6112
3690
5462
6327
267
1410
314
8732
4347
835
5411
4507
9549
7844
5720
6520
8621
10342
10242
3197
5317
5862
1585
3949
1623
3953
9352
9257
9640
612
10165
6200
8747
1713
5074
8620
7317
9766
1397
6914
368
8961
4053
5792
2027
8193
4252
4290
1439
5934
6395
5095
9509
7372
6477
7906
3872
9986
1557
4411
1836
10190
1405
10246
4131
8256
6152
3743
10160
2675
9664
1337
4146
3760
9519
2272
8421
6183
5710
7280
8971
4022
3190
9265
8700
9889
9665
2451
4179
9289
6251
6482
6704
8673
3800
1983
3183
9365
10443
5923
1049
6223
6075
9895
4405
8704
2592
4926
1115
9235
6167
6708
8752
2853
8995
8137
614
7881
9119
2464
4904
3855
7784
10128
8654
4911
6366
8692
8359
10045
9065
8533
7234
1408
5878
7967
3880
7105
591
7165
2478
8495
4260
9460
5764
2712
5988
4979
9277
7043
1737
6300
4031
9005
3485
1935
7761
9327
4012
2880
1379
5082
8472
3588
8172
1472
9567
4130
7150
2871
2807
4690
1824
9784
9501
2229
4980
3160
1447
939
2698
2677
9542
2865
2869
4529
6471
5011
2633
8383
7272
7393
1046
4253
2346
2019
6308
1107
6241
6900
6499
9627
2129
7855
4816
9400
6325
9991
4871
5374
1944
4417
5094
8074
2837
5069
4962
1446
4105
805
9084
10204
8474
8626
9967
4946
7989
2526
8653
282
2864
2041
6664
7863
4348
4247
4927
9543
9689
1031
9389
5018
2891
6550
9297
7122
8385
7841
6598
4194
6312
2868
9877
5898
7715
8124
3355
7837
5127
1946
1100
4923
5193
3839
2963
18
3145
6646
7731
8990
6734
9575
1725
8271
8940
1851
8367
393
5059
3783
1632
8976
6275
8721
7015
6507
6013
9113
4161
2758
943
8943
6621
1685
1541
1864
2016
4240
4403
4032
2669
8089
9369
8644
6674
9063
1765
9236
1048
5777
9911
6647
3958
2109
4433
3677
1453
175
8597
3368
4915
9894
2234
917
4837
2831
2663
2170
384
2967
2035
8627
7306
1827
8679
1010
1485
9977
8162
6754
2110
7773
8706
9237
1608
948
4337
5476
9693
6294
8156
5749
2154
8544
9329
1210
6766
5037
5040
6516
1215
8727
4990
1624
2859
1423
1785
2547
692
1770
1062
7176
6650
1084
8483
5354
4254
5905
10025
8080
3847
6329
2616
2774
2875
1514
10125
8587
6498
51
5709
5119
6475
1809
2362
2143
6244
833
566
6240
869
7282
10244
9943
4187
4381
10414
5704
6170
2680
9582
7187
4061
6332
4868
1125
8158
8078
8410
686
4209
7988
842
4147
10036
9934
10429
5896
1321
9547
5062
1001
9012
6155
7185
5430
3147
3787
7840
5832
3982
9557
7960
4419
6142
9869
4040
2553
7357
3663
6767
8431
2054
7692
2519
10054
4530
7173
2022
4083
9068
1784
1375
6051
749
8678
1873
3885
889
7762
2581
501
1137
4658
5815
2978
9563
4380
4228
10029
10303
10413
8
4189
1636
7097
9954
907
5416
7013
2593
8500
5271
3258
7260
6199
4575
157
790
1598
4831
8143
2152
2559
4018
2776
9726
4821
321
8215
4332
9790
9574
9307
9881
4190
5337
9706
9705
7347
10026
4291
1233
9008
2656
3878
9864
1204
3014
7834
3693
3852
10268
9287
894
5958
9375
9176
6536
7957
4395
2475
3863
7890
4849
9916
9233
6166
6114
5349
6159
8484
2237
1888
1038
891
7321
3502
1854
4410
4890
1384
5715
3975
8479
5348
4377
9234
4875
9413
4809
6719
6780
3778
5303
8684
8064
2687
4612
7412
3123
1500
2896
2270
8623
729
4912
6060
9378
8709
9122
10187
3179
572
9610
4737
1556
8845
395
1745
3934
6148
6546
2801
6957
4521
2448
4195
411
7983
8060
4762
358
7193
7774
576
1583
2631
1417
2796
5031
1469
1767
7965
642
1498
5243
9081
8131
2852
2107
9956
4160
7674
2639
5458
8520
1528
4342
812
8683
728
9178
9387
7950
6531
7329
10221
7791
3926
1811
5049
7156
2730
7130
1941
3785
2822
2012
1679
3801
7971
4084
5244
8735
6680
7916
8655
2389
8422
4695
7222
1460
9576
4157
2124
1349
1747
9406
6738
4811
1937
8696
4202
3630
544
3174
2215
596
6319
4227
5085
8147
4212
5091
4491
6163
582
2177
1855
2572
10179
5767
1879
7865
20
620
8481
7191
4895
9760
5842
6139
3480
6759
9581
4921
456
4885
6699
473
10401
3372
7632
5637
9774
3581
9319
1045
1348
8519
2512
8054
3712
2950
595
8588
10061
8475
1590
7978
6977
2182
3662
8489
10042
5683
10197
4896
5424
4152
9593
7548
4932
5090
1002
10422
4289
4808
5963
714
1278
2589
4221
7442
8977
7701
5884
5102
8088
3009
2575
4126
4434
757
7910
4838
9996
9684
6115
4422
7437
4495
9580
8708
2106
3746
2172
9701
1913
2502
4663
6553
2046
4186
3527
2148
8496
1735
4135
2225
1418
292
6027
9744
9403
8025
1887
9291
1126
6899
2147
1208
6246
6150
9560
9742
5350
839
7772
7815
7936
2650
1206
5092
8096
7777
2895
2024
9408
4050
1003
1029
9985
5744
1272
6288
7125
6697
8543
2766
1109
4618
2783
8643
5937
901
8485
5390
1434
6812
3908
1771
5904
3974
2325
4666
5270
9734
31
309
4702
3842
3173
5759
8675
5906
9223
8936
5822
5367
7320
4112
9311
7249
8534
690
8214
5096
8492
1929
1911
6981
8463
6361
2692
2493
8538
7155
304
8981
10399
493
8523
386
7144
6157
3128
6956
5351
3378
8947
10415
4236
5760
2521
5736
1617
5080
8195
4725
2847
624
9271
8642
9758
5560
2815
793
1552
2745
4141
4958
2840
7948
5014
5908
7994
3827
4238
7530
4777
9992
2166
2825
2640
9424
5738
5242
4873
7337
1853
6046
9667
7801
2021
4389
8108
2898
2333
6125
3053
9717
4113
2580
4683
4365
1071
1454
7927
7973
8539
7746
3862
4728
606
9709
6242
4824
4214
909
8907
5699
6623
5888
6856
4043
10205
8348
2794
6663
3574
9278
4128
8645
2518
7931
7848
8996
1403
9685
324
2133
1534
2162
5259
9313
9539
3149
4027
9550
1196
5233
3341
7823
2238
2951
10416
6579
4952
8174
7831
3277
1542
6271
8129
2038
10213
7355
1886
7528
4917
7870
2329
5185
8663
8711
6045
1772
1462
807
3995
2863
10330
2558
1329
1105
5318
9966
7781
1804
10118
2700
10418
8902
5830
2590
7751
9930
717
4085
6233
8562
1033
1216
9768
6015
6194
9660
237
5456
5026
6375
1803
10300
2867
4407
9747
9191
1480
784
8717
2555
9201
9298
9939
5282
2568
8501
8595
9698
55
6649
622
9556
3018
8498
9942
1415
607
852
5022
5887
6771
2155
8613
4208
8716
9305
9662
2236
9897
371
8243
4948
4802
3951
911
2028
5339
8397
2647
8759
3794
9487
1594
2310
9361
4746
2932
6508
5084
10173
8731
1625
7136
7435
6730
10440
6230
9886
2860
7816
374
8682
9293
6684
3598
2785
1546
8398
9458
4137
4101
7221
4551
10121
987
2759
353
2564
2091
7403
9971
8201
7579
1838
5739
9975
9548
9903
2336
7151
6260
8033
5418
4274
3037
7405
8002
8136
7883
8236
8540
1387
3665
5997
5100
2123
3767
7036
7051
5813
6255
3900
1482
1588
2682
1912
370
7349
1956
5335
320
9634
10248
4241
3774
1920
1599
5808
4302
2075
7770
649
4046
5226
10271
6359
5431
1892
7283
1739
6864
5469
4907
3858
4701
9374
4150
1286
8837
10447
3256
1160
4014
5793
7139
3768
4393
3297
10119
8163
8482
4277
1422
6969
2836
2683
10398
3745
9009
1149
5019
2111
8840
10122
6569
3831
10003
8384
1622
3816
7103
2887
5175
4250
2543
3687
1768
4995
1334
2960
1924
8695
10324
1392
2048
337
2085
7438
8617
9763
4768
4844
2467
5373
9644
4914
4909
4901
5743
1212
4217
3725
1347
5106
301
9680
2829
333
5108
5420
3309
2583
2122
608
9831
1352
6164
2909
1459
7410
9762
4488
2465
2820
1297
6336
8424
2455
9245
10006
9940
3170
2798
8170
6397
7755
7752
578
232
5132
3007
5369
10410
1097
7921
9914
5754
9338
4884
7794
3850
2957
1197
10421
1750
4922
7400
4142
9635
4237
9348
6043
2605
1502
4013
1444
8164
3875
1467
1890
4583
6519
565
567
6770
4870
2578
7276
5283
5978
1782
956
7859
1527
1833
4565
7749
2800
6777
7432
1876
2397
1451
5421
8635
9417
6661
1275
9694
2771
4143
564
8102
3610
1538
6320
630
1476
1047
8120
6762
2718
8139
8024
330
7864
9258
6290
7496
7849
8671
2630
140
9507
8579
7081
4705
8436
1718
2734
2622
3841
6652
8733
7984
9931
6500
4242
7038
7909
5300
9642
9299
450
3867
10155
7665
10142
4511
4425
9349
3028
3744
5806
10423
8959
9871
10232
4156
4903
2317
10028
15
97
110
7359
1111
2803
826
9858
4581
1443
6009
1054
407
356
2037
9107
5436
2643
5453
2604
6309
9968
8602
195
3696
6548
8581
5024
6859
4642
3239
6175
709
10446
1597
7822
3825
10437
2314
9824
5381
6206
7880
8738
560
1954
6179
5274
2905
2652
5732
577
712
2113
8103
10131
5240
1927
2808
8688
9446
3590
6122
9282
5485
3127
2989
4769
10305
7944
5310
8378
272
2563
905
1865
6028
5225
6722
9628
8113
8542
2499
4145
1882
8729
1522
3364
3038
6672
1124
5740
6006
887
3833
4518
2246
3779
4224
5272
7117
7877
6198
2676
7696
9724
2854
5364
1577
9953
7449
8122
9426
5269
6717
5234
4295
6180
8583
7414
6181
4860
9232
6749
4093
8974
9920
3462
8012
4852
6528
5260
1385
4042
1798
9481
6882
3828
6710
9748
5101
7954
1404
1461
10448
6602
4902
6763
3234
3830
8725
9716
2135
1440
6247
9343
6984
160
9998
5663
2948
9002
2260
4153
4814
785
6584
5795
5359
2250
5799
9015
7820
10304
2827
2136
5067
1499
1891
3025
10198
283
2138
10130
3246
7128
8770
756
1471
7904
6004
9888
2454
5827
5625
1943
9745
5302
7316
9555
5534
10195
8194
3450
2971
1923
4429
7857
5066
3011
8514
3520
3932
7331
6733
6970
8478
6701
9393
288
6643
1840
5883
6929
558
760
1748
7415
145
9261
4296
7171
4960
9962
7763
3377
2778
9721
4015
4371
9639
3533
2901
7975
7929
3897
1429
1078
6032
4723
6972
8372
4645
2626
3226
7767
1952
220
5357
462
7850
7764
10049
2577
2765
1837
2681
2818
4721
3601
5638
7315
3961
9105
10265
7707
981
3235
9295
10035
5914
7695
7775
883
7551
1856
3939
3017
10449
8413
4882
9675
457
8263
587
1524
4000
7657
7708
1458
6606
7428
1506
3993
9326
1593
7499
6182
855
2788
8119
4180
165
7817
3042
1757
4094
1616
650
234
9312
7902
9531
3249
2851
3931
1530
4669
4293
1565
8152
8535
9224
1463
9737
8037
5846
3512
10402
8100
2301
3122
7882
417
9952
2269
1716
713
8693
2979
4415
5765
539
1613
8438
4517
6904
6746
7876
6317
8079
3021
3708
3315
4891
7900
8651
8985
9899
2086
9274
8460
2990
4235
1266
9370
1889
6600
2911
5138
1293
2145
618
9750
5725
8978
2873
259
9688
8699
4520
6863
4735
5965
6625
2096
7366
7387
3324
6353
1445
2927
2447
7854
8715
432
983
8454
2986
2821
5266
8446
3135
8528
3638
9419
4383
602
9308
9456
8473
8766
7060
2323
400
9603
9770
1061
10249
8183
8246
5206
7364
739
5769
9357
6010
4276
10196
334
8203
7577
9229
2498
2806
1213
4243
9391
4674
6473
10445
9314
1796
9637
4787
138
171
7626
1085
603
5990
4676
665
4200
9976
2904
8687
1949
7778
738
750
2731
10186
7818
6331
376
8605
1800
803
5017
5089
5290
189
2649
8106
4473
8140
451
122
7740
4679
9085
8503
9267
5034
9718
5135
9700
1396
782
3823
5812
8781
1411
4732
4805
1830
1390
2728
2637
1431
2638
4607
4984
1353
621
8301
10199
6515
8526
10450
1267
5596
10279
2031
7744
1846
6243
3390
999
2171
8672
2987
4226
5753
6645
2844
8491
9607
409
6677
4435
8333
4544
1430
701
2419
795
10126
1118
4711
7803
2817
8906
6042
1743
6252
6702
4118
10146
3392
2461
4373
4011
5961
284
5853
9367
4812
185
2664
7310
1456
312
7339
399
7562
1152
6019
4009
600
4799
5068
8349
1263
6742
10419
3426
2309
8576
5803
9405
5146
6030
8036
1139
5771
6688
3538
7409
2057
4795
780
7769
183
7698
4363
8505
7108
7134
2051
914
2782
7741
5989
6287
9775
7951
5508
401
3138
6578
482
2548
5071
838
5087
8273
5450
7893
1065
4008
3773
5093
1627
2095
895
1525
4007
5410
5447
3724
6302
4526
1603
1308
1245
436
938
9288
1535
1870
2915
4981
319
9262
4738
7712
6700
6773
7030
3191
885
3240
8512
3632
9729
1821
2998
4484
1170
8072
1140
4310
2743
8606
9827
6207
8637
10087
1810
2706
8718
9917
837
2958
4188
1307
4382
5232
2567
4869
7382
2401
9230
4788
762
7413
6363
2608
8429
1250
8196
4947
2364
4182
8363
3938
6640
2892
5413
6729
7879
7380
8506
6360
9243
455
63
4640
2600
3981
6249
5153
4239
5886
1346
994
5466
9263
2527
4408
7825
9395
1407
1401
1425
4003
6728
6966
1749
1738
3410
1881
3220
7394
1844
3916
997
3749
1192
6698
2908
4048
8471
8767
5517
8691
892
8762
9077
2610
1283
271
1740
10039
4345
1044
3497
342
6587
1428
9652
6003
2378
2629
2426
153
2723
6021
6222
1521
6800
6235
7506
3350
3817
9013
6695
5020
7304
10262
5755
4671
7135
7789
9947
7875
7874
1370
2275
1602
1526
281
6765
9552
6274
1246
2661
258
7354
3278
2102
5437
1894
4641
2919
5039
8382
8057
2621
2814
846
1089
7911
8022
7153
7787
1023
779
5216
9743
4747
2889
673
3023
3815
7968
9624
5804
7790
5921
4096
9504
7808
10151
2833
2658
6927
3818
6876
9777
437
7075
1831
9057
6505
5775
10210
1276
2453
3505
4861
3002
7827
1399
4201
5593
884
9073
2399
9320
3253
7404
6687
1220
147
5971
2439
1070
2463
6693
9702
10
9304
6385
1180
5909
3236
2367
7434
1505
9448
2949
9388
2069
3856
7044
563
9711
597
5478
1087
9707
967
5394
262
9656
0
8094
1364
2636
2369
311
4476
7899
8722
2931
2332
9720
7157
8200
8255
2720
4654
3150
5618
7690
2322
3758
1532
6017
9861
5778
1413
128
8343
1131
7819
4605
3283
8061
9485
3034
6012
2414
1128
1799
5443
5053
9355
4943
2089
7871
302
4830
6638
722
2160
984
2842
5386
59
3544
3849
1607
8624
4748
163
10007
9280
3685
5483
7846
8728
8306
7691
4545
7429
6310
9252
3643
1939
318
125
4813
6854
8457
1953
8771
2470
5083
1872
7433
6399
1938
10038
5917
8467
9335
2428
6714
9752
6639
1496
1877
1091
6259
1288
3144
8607
1130
613
6906
8610
8014
4139
5400
4942
2874
2668
2799
8516
8739
5257
5730
9955
4256
9366
8439
1336
1191
9661
753
679
2533
3082
1536
2826
10406
3425
1224
8622
2063
5998
1386
3627
3686
8310
8681
3846
3041
1117
8128
8269
5848
9309
7766
6633
7424
3295
10053
3471
3740
9525
223
2142
1323
8432
2358
9767
4797
7677
2321
8336
1239
5401
9474
2517
9946
2824
1205
6853
1909
1421
38
10005
3640
9300
845
1142
1816
9736
4611
3423
886
2052
8603
1567
1099
3819
8710
3433
961
10267
3153
5907
8468
2857
7472
2588
7163
2625
8652
5393
7913
3821
10124
2487
2697
7811
1234
5061
8987
7928
1751
4622
3068
2538
8213
2926
8013
8197
1355
6707
10176
203
9439
2394
5646
7969
1778
1834
990
8455
2930
8670
8962
3298
8619
6202
7802
1098
7873
584
4876
519
9712
9783
307
3203
9281
7992
9420
562
1980
1581
402
2425
440
6989
5789
9771
6220
8625
1388
7504
3695
6227
7595
3131
8184
8006
2383
3064
9285
9301
7768
4271
2017
9872
4636
758
1053
1389
1190
5633
4924
10405
8774
754
96
6228
8785
2994
248
8244
8955
9651
3927
8641
5038
6189
8324
1452
3472
3459
2484
7110
1312
3565
2561
6595
8665
32
2574
4554
1580
5451
1018
316
7885
8364
6267
7958
8755
2764
3824
10270
3072
10417
3136
1104
9018
589
1842
9047
881
5788
230
10220
774
7941
2729
275
3381
4304
7057
1825
8275
8517
86
2164
8773
4874
5640
5396
1801
361
7982
3521
1395
479
6370
8598
5370
528
8360
9334
870
8694
5752
720
380
6050
174
2660
9050
7203
771
10183
5344
4807
617
3006
3477
9106
3765
8958
4356
192
9948
4775
9359
300
9337
1014
6975
10264
732
3005
9115
8374
3537
1257
8430
9363
3465
3844
1531
940
3694
3733
187
7588
4619
2732
7894
4230
9787
2855
3478
9064
3977
7396
8935
8988
4731
8818
6248
2964
1507
7124
1756
755
5280
3624
5480
9368
1918
623
3727
10431
4961
6256
7937
7612
6997
5482
8109
3194
5991
112
3095
7995
9259
8664
1455
6787
1494
2418
9145
9296
6948
9995
7756
9740
8126
5621
3935
1486
4994
3230
8452
8666
545
5766
2769
3959
5751
2992
244
180
5970
1926
3061
71
2093
10037
9379
5944
8351
10023
6810
8434
951
7738
5003
3443
2585
2918
383
4850
426
9450
3957
2738
7824
4587
1984
2128
866
7159
9620
5671
3531
7814
8433
5432
9912
6760
8531
7022
9601
4029
5434
9094
5941
3651
10201
2503
6691
9880
4568
1185
7896
2458
480
8824
3675
7555
9240
6724
6739
1052
33
1544
6782
593
10014
8405
6830
7799
1483
6741
3669
1470
10133
4215
9347
6286
1592
906
847
3097
8761
3871
4715
7714
1356
3772
1253
733
3279
5131
9026
8908
21
3488
5981
7845
5987
431
44
4400
7395
1325
8388
10185
7972
3748
4704
9128
279
2883
2468
1294
2347
5118
7898
6582
7041
5463
4675
9478
1793
5384
6648
4739
8751
3583
3119
2296
5449
4736
5265
14
1189
8190
2087
5218
9127
9266
1300
7004
3031
8754
2062
5227
9210
9416
6747
1442
251
742
3930
5262
1073
1790
8827
5619
8265
10430
5452
2311
5994
8423
1976
7793
9256
10404
427
3103
8417
6585
391
7800
5946
7356
1088
1258
1775
1231
5602
880
7167
2695
1979
773
4829
8289
5297
8304
9351
1361
7661
8055
3397
9423
9025
5484
695
7753
2586
4550
9150
1214
9380
3080
8408
9611
5796
849
10164
344
3510
893
7996
1378
3026
10215
9586
9276
5927
801
6020
2969
3851
10328
10412
10135
8957
1774
1315
3529
1166
4791
571
5215
3866
3854
5205
5943
4888
4843
8380
7567
8067
1512
3121
8618
7162
1629
6382
882
4682
4680
249
9123
8097
1488
1172
1241
3199
5075
2134
1022
6213
7348
10274
5477
8028
8551
3117
8387
694
3769
3963
472
4872
1024
3033
3432
1101
8426
7907
8451
443
3247
5953
896
928
1135
10066
6635
9944
7826
7919
2365
5757
1254
3726
5750
6173
454
8593
8390
445
3960
6912
7617
5911
6026
2405
1333
3757
2520
9422
761
3349
4710
10433
8420
991
8038
658
10052
9860
1394
5358
405
5301
7703
5342
7615
1032
491
3233
3195
107
7350
3522
7829
3486
264
796
1324
4845
637
9268
6033
7444
1304
4617
9098
8518
8292
8083
5620
9014
7115
8441
2627
8016
4601
890
5502
243
1318
2708
7895
5378
8115
9247
2515
527
2491
6713
9336
1103
9133
9226
8960
3047
8980
3689
9377
6772
10253
2928
3637
6945
1466
7836
4631
4908
2530
770
8778
1317
6001
10040
6605
3550
3004
2511
5761
9321
616
726
10436
4155
1277
2598
5973
5385
1120
1359
9213
5772
9649
8389
9484
116
6636
6727
3411
6581
7993
590
3495
7624
605
9857
6852
7776
8281
8809
2828
8270
3428
7832
5681
3734
6737
8677
1365
1096
1271
7861
7986
2935
5985
1917
3546
1339
7170
3305
8999
2098
4548
3770
8768
5360
3318
35
1326
2648
1400
6967
2324
45
4367
4803
8223
2505
3439
8041
9058
2368
5407
8986
3267
3580
2331
7470
3929
5790
8536
5130
6889
72
327
8375
2974
1035
146
3396
1244
5398
2330
7389
2736
5214
3245
7757
4033
9821
4672
341
781
9175
8261
5440
2445
5211
5746
792
10144
4801
2067
8780
9598
7116
5380
8267
7981
3304
6667
8458
6991
752
5774
2653
8616
5501
3558
4600
569
3766
4867
1199
363
449
6614
5446
6825
2386
9052
8280
1060
1828
9609
3408
7040
1907
3668
741
8284
8867
1501
610
2981
2308
5343
7745
5779
4561
1792
828
5406
9062
2422
1533
4580
5533
1566
2721
966
3732
4546
4468
8772
7172
3288
3370
8093
8044
3944
3536
3306
5535
8010
3742
8750
7991
8114
9623
1563
592
8391
8939
8592
127
9075
9764
9340
4668
2965
723
428
7702
3629
1406
1475
3366
7839
5382
2966
294
3631
4213
3
3753
238
10202
3280
4689
1302
1305
3764
8983
9035
5964
418
1572
5256
9040
3587
6963
7728
3449
3268
5626
7779
4592
3086
8003
8968
759
381
8286
3380
5073
4722
10002
1464
9776
740
5800
154
7524
335
6887
4396
1309
8045
6029
3664
6993
3382
6266
1746
9923
2952
6964
1880
6968
8403
10424
2623
7780
295
6939
215
2436
3716
1786
9477
5439
6994
8443
10269
7868
190
619
8991
1922
9786
7650
8104
2715
9997
3210
4597
5782
7450
3421
2975
1363
4925
9091
9898
8993
5979
280
9866
3073
10050
5454
4647
7032
8107
3635
4784
2490
3242
7008
1344
9024
2060
1391
3356
323
2659
8964
4945
7828
8313
4595
25
5770
2377
9437
9647
8953
1248
9801
7094
6669
425
7867
2099
6632
7589
10127
1322
3265
3222
2058
1491
5340
10281
5133
1985
553
6937
7618
4204
7012
236
929
10444
9773
8951
1320
8311
2916
10015
1059
5263
3692
7962
10289
4866
6841
3344
9051
6804
7953
7809
4851
9830
1477
848
6901
4555
5004
6575
7782
362
6592
5065
9208
7572
8009
5397
10161
1948
1006
5915
239
53
5278
8532
8464
6705
5748
4483
8234
1268
3076
369
3755
6261
500
2929
3644
3000
7676
9591
9350
421
3059
2320
8680
1095
9169
7508
8896
5920
4954
850
325
2943
9599
6631
10152
7706
8734
387
7785
350
3947
3838
1631
1228
797
3870
3442
556
794
9166
1550
10266
2307
4822
5207
6976
4997
9825
6758
366
986
3388
5204
2105
3353
3641
5428
7792
3487
3271
3351
6036
3420
1260
7
1766
6757
3528
2525
5536
2460
8355
5016
748
8799
3273
5525
1450
495
9292
7085
8070
396
10193
1055
439
5783
829
9156
6037
9093
8569
3248
4017
751
7852
8018
3845
4716
1016
4996
736
5794
6264
9415
6211
9648
2644
37
7833
4211
8011
3709
3259
7543
3192
394
10194
7476
8370
3213
2954
257
2733
6041
7945
1157
9200
7688
3209
1878
8791
3943
3680
2925
3415
7491
3100
10369
4586
9248
6580
5435
8428
6047
7862
266
3556
8831
9086
3202
8279
9164
5355
2278
5448
46
8259
349
8450
8967
775
4562
5926
176
2953
547
4412
8394
7835
299
707
1523
8850
5353
5642
2618
9161
7940
1547
3473
8086
9
9251
8801
1183
1362
8427
4547
7654
3079
1269
1351
6909
252
8123
26
7987
4742
3530
10048
5129
9691
6210
557
8515
3704
6885
5264
1301
5117
8870
8402
5588
8317
4572
9927
8321
1242
289
8418
1158
8445
7955
8210
1063
422
930
5288
7534
6038
10174
47
552
2937
730
7031
4244
1945
9431
2494
3231
5455
783
3229
1313
6987
10411
5052
9595
6736
2424
3387
2391
7556
7070
9409
3860
5376
8007
10368
8369
968
4786
5291
7596
4842
1122
3225
1019
3424
6681
7964
9463
1013
1004
4730
715
685
6225
5631
9596
6268
9221
1174
4673
799
9225
3379
7161
3517
6785
9658
1227
2628
9645
6768
2707
8884
1226
3642
871
5968
9171
7190
9632
7092
5802
8347
3323
2991
1769
3228
3868
10231
4719
1093
1155
10239
8920
9819
954
6818
7699
9818
2444
2646
42
10439
3475
1788
574
8638
3108
6860
2882
1338
137
2635
352
7912
8982
3332
9496
5780
3402
3308
3464
5412
4148
6205
3639
76
6214
8608
6851
1760
3198
8396
6769
6706
8973
7369
6827
3296
461
3707
9092
3376
8004
1319
10170
64
9255
8077
3303
5423
5603
7721
5585
6126
8942
7641
3865
5951
7961
1110
1296
3400
3003
1575
4087
2614
6721
2459
6921
1357
3729
5307
1503
3719
9495
3534
2601
2090
3936
8400
161
7889
7571
5336
9482
4878
5033
2433
7378
4001
8030
1236
5409
6877
8019
7673
4999
5608
3010
8000
982
5415
9104
6178
41
3285
7462
5916
4913
7631
5687
5954
6870
1537
3752
7838
359
420
8296
4469
9027
513
434
9631
65
8034
3081
3255
5491
8461
8026
5530
6974
4557
3467
4741
6753
9242
8585
4653
8440
8252
6130
5460
8769
10172
5294
7390
8042
3437
6604
3027
9136
8376
9751
2408
8889
9411
3699
8756
2295
10153
3215
3562
2523
7619
8934
4465
5807
255
3616
8444
1366
735
8276
7441
8601
5947
947
8245
4005
3109
9140
9859
3928
3501
3322
7010
9829
202
142
9621
5571
7461
121
5957
8425
3287
3012
9852
5930
529
3595
8882
2403
699
8807
3564
8312
2318
9264
7949
1330
2907
8904
5433
8225
9469
2299
1802
10214
8226
414
7169
9275
3615
2488
677
2632
3241
6744
8819
4359
3232
2999
644
3015
964
3052
8470
5514
8217
949
1479
10166
2339
9949
2059
3566
5555
6212
9162
3649
3723
8915
5123
8021
710
1138
708
4463
4034
6609
1262
2735
3593
776
8565
7027
3660
5345
4865
1932
7666
23
9710
1350
3946
3212
7521
2516
3678
985
6221
1025
2609
3431
7704
2360
9856
1382
3393
6941
3237
7482
3430
444
9019
1734
609
2420
5747
357
3427
5587
4571
8017
6603
9273
2385
8032
6894
3454
34
1492
9031
9017
3458
3257
6817
1221
825
6805
2542
10243
2
5980
6215
804
9605
2611
490
868
6726
8437
9046
2528
2396
7963
276
2384
336
2261
7561
5377
6934
554
5114
2934
8945
1167
5781
1343
3525
7188
2438
4590
3416
1884
173
3942
2382
5956
7599
9072
9807
5641
3602
9158
646
8972
4800
8975
9820
6985
4
3346
83
3074
3754
8825
4558
1247
9087
339
9719
3456
7375
3043
7553
7670
4564
10371
8356
6628
4220
229
5639
3481
5986
2726
8574
654
9168
5531
5939
2819
2343
4589
5592
9815
2254
3019
6983
7025
2492
3244
1316
2956
1779
7386
3098
1114
5136
6848
2366
5392
6923
28
1090
2345
8757
5275
9132
8448
6226
6576
56
3091
5598
9822
3327
2645
105
9187
9211
4697
6216
3331
6750
9811
2665
9209
5403
5557
441
8802
6784
7629
3441
199
1074
1377
6720
6586
7669
2620
7569
3619
5636
4661
3735
285
5763
8302
4727
3539
4552
3596
9589
6962
6755
8888
246
1238
8890
3045
492
317
4650
8566
130
7446
5395
9303
7351
4685
10167
2390
6613
4818
5742
4536
6024
7373
7858
10209
3016
9205
3645
3391
3661
8338
8406
1570
2489
332
3621
40
10211
6794
7578
5128
453
340
6802
2973
3762
1345
260
3829
8578
3608
7611
3618
2984
5427
9167
8329
659
9879
7684
8116
4789
2917
8297
4006
7053
10044
3196
5444
2337
7985
4613
10263
4686
3843
9181
4578
645
6924
3106
6591
5814
3469
7383
5388
6798
313
3604
6902
2993
10441
4633
2997
1548
3498
3102
7869
7037
7000
4628
2442
716
2400
6696
5528
4743
1225
743
4744
2355
6265
404
3484
7505
1311
36
43
4016
8941
8590
5933
2303
3260
8453
5960
4357
1232
6839
270
2651
3625
6813
719
5346
3656
3626
6745
663
6022
9228
4579
8609
4574
9250
6980
4825
681
4823
4887
4662
9096
5306
8323
3115
2941
9038
854
2481
3329
9683
3214
5408
6262
269
8358
2536
933
8043
5493
8969
4472
3066
3710
7120
1951
8283
989
638
6716
5356
2914
3739
212
6803
6630
8853
4538
484
8862
6875
988
2483
5523
1209
3535
3482
5627
5662
7759
3592
9306
8274
3036
9654
7526
2486
5559
5546
3367
675
1432
8992
4436
306
5562
10149
2281
4982
9197
778
3837
7017
7646
4630
3747
9283
9217
8411
8702
82
2402
6986
458
958
5579
5002
2340
7540
4840
536
3763
3107
7500
5623
8073
7635
2357
5768
7033
10241
9434
1202
8776
10280
4486
7672
8046
7481
1292
9302
9204
5036
2404
3599
3679
221
8053
6903
2047
6891
2297
3422
24
7376
3071
6203
3419
737
3290
5112
448
1026
873
7668
7638
5928
7052
3409
3706
3548
58
2298
1218
7141
5938
3731
1255
5529
5526
7058
205
2265
6735
50
8222
7076
8121
8212
5532
2513
4712
1251
6845
9808
3591
510
4026
3697
9130
8339
1915
253
3333
2744
297
5464
3262
8242
2995
478
540
7503
1249
7087
5519
8822
6807
9795
1761
1574
2985
1017
4364
8294
4810
9222
8863
1759
6931
9467
483
7660
2634
7384
2251
586
6919
8903
7077
8352
9332
3457
5622
7473
494
4621
7042
2409
9643
67
7600
8746
9310
7522
8979
7783
514
3659
66
4667
2624
3540
9497
2354
9219
52
3343
4606
1230
7664
7891
9020
8879
6829
2479
7377
7652
3506
10208
9793
9468
6947
4525
763
9067
4608
3559
7469
6896
5977
2713
7465
7760
6254
104
7718
9584
1416
7607
446
4479
3728
6599
6124
9215
6878
54
9129
2510
8847
3557
7065
415
2379
2411
8883
8803
1146
8127
5999
8919
8874
1194
3269
3474
7656
1106
6577
2370
8792
6132
3698
1176
3549
8891
5113
5479
1358
5632
8815
2412
6959
6016
6040
8409
3702
91
2285
9059
250
8314
5509
2262
4466
4570
5932
10138
705
9441
7628
625
6617
5542
6127
3607
5669
3211
9814
3321
5940
7560
3736
9498
1015
3603
992
7018
8112
1076
4599
1069
4620
7587
1568
8571
2545
3224
197
3300
3515
688
3360
9124
652
5950
4604
5126
9587
4828
3358
3570
1299
8076
10169
5549
273
5518
5634
635
7525
8948
6872
2741
10171
286
6253
995
4539
3508
5426
3496
3083
2940
8316
3950
3337
2376
1327
3551
3342
6886
2719
4567
3399
6862
9143
9854
7640
9218
2709
10367
4588
5606
3444
6629
435
952
1153
5417
347
3493
7663
9629
6000
7523
5935
8285
6965
7133
515
4576
641
4694
5584
2717
9650
226
874
5000
6920
5496
8842
6888
9076
10139
2341
9253
8466
6608
2413
5279
3956
10148
3243
5784
6819
696
1787
9054
9137
3576
3275
364
8065
2276
10137
3954
4774
2103
3063
3440
5287
2421
7519
4475
2921
8462
5273
2544
8838
4603
9126
2724
2495
5607
8897
3282
1148
3414
4841
7029
3284
3096
5976
1274
5657
6823
3613
5568
6874
3302
5690
9070
5425
4584
5929
2264
746
8407
4582
8857
1123
5139
7805
3058
68
10159
1178
7066
9832
3310
935
3347
7813
3623
7381
5601
1219
9102
2924
10175
169
8047
8090
7608
946
3657
8795
3336
8048
4002
8826
3647
6913
5610
4740
1161
9798
326
198
2253
731
5573
1072
10158
6952
9834
7089
6018
9925
123
7622
9812
4219
8233
8552
4646
9646
4651
9805
3338
6869
57
9179
4665
8894
9177
7019
4993
4832
9926
5
1171
7071
4549
7073
7049
3705
651
3208
640
7494
3266
8101
8118
1298
8545
7786
5918
2395
9826
8216
4664
2387
5787
9142
6946
9121
8052
8293
8913
7452
7541
4541
7084
7026
512
6850
3864
2996
526
329
8558
6926
9492
3553
542
8546
8299
2529
6822
27
5520
1027
9029
5594
7545
10177
9039
8062
509
7023
8604
135
3049
8334
10286
8231
627
3579
7847
9196
3089
9618
429
3655
6821
69
3490
3491
3326
3524
4693
8577
9182
598
98
111
9597
2415
9090
3577
7020
5959
4652
8775
452
6824
8350
4717
4569
6979
3575
3701
5545
2248
6982
9160
9206
9202
8901
5574
134
8247
39
7471
468
9148
9594
305
354
7513
1910
240
328
2496
7009
1079
6612
2437
867
5693
667
9442
141
7090
2456
7539
5481
8841
5992
8599
9472
8868
683
6961
3560
277
7605
5586
1169
201
631
3646
3395
507
2252
4687
2514
6208
9459
8814
1764
3479
10154
30
4543
8790
5521
4696
10207
6709
538
502
7724
3703
6915
8260
7485
4598
9692
4729
524
2942
10147
4720
2316
3451
548
1159
1252
459
2290
5931
293
6949
287
4535
9199
7598
5966
530
8095
19
3361
6204
2306
475
6936
8098
3294
533
7538
365
711
4644
8954
8253
5962
7480
9499
2913
5616
8923
7613
8331
1289
8205
522
3526
647
1075
7061
8345
3401
8900
3605
2959
5547
466
9272
7685
841
6897
6814
5589
6793
7722
9633
4360
3272
5645
4537
4649
957
3040
6942
636
7459
6811
9049
3542
7602
9613
8208
2363
5488
4637
3293
7585
2392
6129
2480
4594
7610
4482
7388
3093
7550
2312
3568
8798
6932
6971
8344
6857
10178
525
8278
1342
3116
8877
9074
7546
6943
296
4602
3369
8950
2393
3594
4485
8059
5503
960
7726
3658
5688
7082
8199
4324
7490
7028
3620
464
6250
1380
5649
3438
5652
3320
4585
5134
3105
2277
5122
3314
6831
3519
5643
6925
2407
8797
8878
9435
6880
10181
5809
10203
3251
489
8828
678
3319
5564
7079
241
10180
208
9809
9212
2423
1381
4648
506
196
8063
1314
162
1181
3094
3263
5486
1942
950
8435
2352
4656
9022
993
2338
303
3048
1290
5651
4783
7535
648
9462
345
4560
3714
8570
4714
5583
5983
6718
3348
5500
2727
3500
61
4706
4796
962
4591
5613
6209
3057
10143
2923
1067
5967
5786
7645
700
2381
6867
2429
6893
543
4709
5955
8796
8105
315
3586
5654
7549
3270
4718
7565
9622
4703
3622
1284
5556
8340
1243
8854
7716
1240
9034
2292
3050
7733
3035
2334
8354
6996
5543
433
8843
290
95
3039
3571
9188
291
5361
5686
6574
5554
8779
7488
8204
7647
5644
9817
3489
2104
209
2417
7478
9480
4836
6892
7021
5936
7636
9449
4684
6940
4733
3286
7518
9655
8860
430
3317
3466
3518
769
3750
3363
5494
7573
6131
6607
242
3084
4713
497
477
2313
2933
9810
7463
3067
8921
1173
2912
8572
955
3612
2477
6930
6973
4793
3312
1141
8925
6922
2476
3403
8085
7603
8810
604
8117
6593
8049
423
3218
2293
9436
1150
5679
2540
6928
6944
9088
6712
3384
442
4358
7453
7492
7509
4708
3589
6910
6844
6809
438
3563
6218
4707
3078
2388
6843
8250
5922
551
3634
697
3756
2350
7498
5572
5595
7046
7445
9163
5650
7495
5499
9055
5506
3653
2522
7510
1179
3330
4655
6955
8291
8871
2509
132
5664
1958
3207
9823
1182
5672
6229
2380
8399
1145
7059
2534
7537
4635
2291
8346
4609
6624
9220
1168
3292
8553
2361
211
6764
8066
9799
3514
9152
2289
413
9080
5910
7379
10163
3087
3407
6950
3584
843
5969
8821
3065
703
2944
8325
81
3453
7720
3446
9806
1162
5591
7604
3569
747
682
7637
8555
8027
6723
9100
7034
16
5565
22
3056
7468
674
6627
6808
3555
6998
7479
6832
8262
9486
8228
8082
9048
5575
8319
531
2348
872
8099
2344
3406
3412
6884
4700
7580
5612
222
4563
6833
9457
9103
5511
77
3085
2263
10182
8308
6999
2432
7520
8241
9165
3460
9061
6620
9108
3636
963
5635
8873
8326
9042
766
3365
100
9794
2353
6866
8872
9125
3339
8206
702
3633
5544
5667
518
3614
9147
8068
5609
9816
9227
3051
5550
3291
5115
6847
3666
8856
6951
8956
8040
9138
8392
3561
7586
5497
7436
865
3573
8327
932
9447
89
126
8846
3261
7570
8341
3597
8749
5475
3470
8886
9101
1478
5674
9438
496
8817
3813
7559
348
4626
541
2315
517
7007
8075
3389
672
1177
7456
4464
5513
1186
1163
7489
2294
7507
9214
8008
8564
9033
9134
3046
247
2972
6588
7419
7576
6895
2335
9924
2416
698
655
2591
6257
6589
10157
4361
8268
7487
2349
6610
3429
5522
4639
4566
4688
3254
5945
2938
470
3507
49
9112
204
7501
486
5548
9066
9193
9608
5001
3113
3447
5582
5691
6918
3299
8249
8556
9154
9089
3585
666
2482
7675
5537
6597
6634
2441
5590
8866
6619
178
6799
8295
7583
5653
7630
5600
2398
4615
9725
6873
7439
4699
4632
3398
664
3436
9455
9183
5673
1154
9479
8849
4474
9803
1223
7542
5984
7574
6828
3385
3099
6725
6783
397
4610
8830
6883
218
3216
687
8240
8550
5942
3435
5516
555
216
4815
7552
5975
8332
6835
3492
3582
416
634
7045
7563
535
8568
3070
8859
9186
3405
6960
4616
5611
3434
8232
7002
219
7502
10141
7634
5445
94
139
6820
671
546
2266
7592
8844
7568
9139
7063
3715
1147
9037
3455
3264
9030
2288
3112
5120
8303
75
213
550
8820
9151
4627
4542
3223
7643
5676
875
5614
7447
2319
6916
7493
9483
6879
5527
1908
6855
3311
8125
8748
9833
4659
155
953
8898
9804
8911
4691
2342
7484
8594
9159
7730
2537
3461
2112
3452
8806
5692
6740
8786
8258
7064
3373
5685
3652
310
487
474
5487
2284
9465
7681
3541
9216
131
676
8881
2920
537
516
9036
8805
7054
668
9078
3090
7667
6816
5597
3386
8309
9157
5495
2286
5996
8793
4678
3445
7477
3417
7651
8560
3609
629
8600
8357
2359
8229
103
8924
346
9083
9800
9120
9155
3362
7440
9041
6890
207
7497
3670
3062
6836
4480
2946
1217
8839
5512
7006
5569
5948
8290
7736
5363
6935
9174
3567
9494
5678
6618
7458
2443
7593
3476
7564
9056
7653
3617
465
93
3650
6590
7727
3418
9149
1551
5524
7683
628
6795
235
6908
10145
3404
8832
10140
8918
8869
3054
6622
7072
7080
424
534
3671
7544
2410
5489
9198
9461
5558
9111
9588
5668
3543
9109
670
876
10162
3055
90
5566
7547
8926
8218
9194
7050
3737
6978
2947
2302
6616
7678
9444
9855
3032
274
7737
7627
7729
3313
9043
4681
8237
5628
8575
6840
8861
227
5541
8328
7532
8567
2282
48
931
9173
7719
5490
8892
3572
4833
6791
9796
7069
3301
7591
5570
8794
206
278
5677
3606
7725
8547
6815
1573
2100
3104
8929
3545
5659
6806
5580
6881
7621
4638
8298
2910
9473
7068
5617
7047
523
7189
9475
656
9044
2539
5666
3110
5504
5689
9585
6796
5675
1229
5624
3114
5655
7016
1165
5539
4478
5660
6789
5362
7048
10027
7686
5563
5567
9453
9131
8816
3274
9466
7511
532
6834
7671
5605
8282
8039
8788
3648
7649
8554
3357
2939
6933
4362
4670
2249
7074
9443
4643
4625
5629
5919
3328
5949
9069
660
7554
3654
2497
210
7086
7514
4634
1151
5993
4471
7483
9590
8946
9097
7732
5615
7003
7011
3219
9433
6990
4593
8917
5578
2535
5665
4477
9802
2356
8745
5124
10134
7659
6898
5599
6583
7527
7682
8219
5498
7680
8804
7467
3509
2440
7590
7005
7662
8912
2304
9797
2922
9653
5538
2704
9617
3345
1143
7078
643
6861
8949
2434
4553
9491
7001
1144
225
549
7024
3741
8858
9828
7639
5551
9114
9454
6907
9490
10156
7091
6838
7475
5561
965
1187
8559
9270
4779
5684
4660
691
8812
3499
633
7083
7531
8893
9135
9592
8916
8235
6801
9471
661
6615
200
9032
7723
8922
6797
6858
3730
5924
2283
3511
8573
8198
8852
7392
1184
4692
118
5647
5682
2541
9432
167
8305
6837
3316
8050
6988
8238
8784
7734
471
6611
7516
7474
3060
5925
7658
3751
3523
8221
8220
8307
3374
3101
6826
5670
9180
8320
8928
7014
99
9470
5510
3468
7582
7584
7055
5116
3217
9493
7039
5656
9488
8800
7448
5581
3289
5648
8335
9440
8899
7056
4467
9452
8227
8557
8787
6905
8851
6938
3504
8563
8224
5507
7464
9045
9207
114
9476
8835
485
693
7642
7655
9185
8300
3340
8876
3503
5552
1235
8864
3494
2287
2305
7512
2430
4573
858
7735
5661
2546
7594
9429
9146
217
7460
7597
8353
5553
498
6790
5576
3335
6842
1164
7515
718
6596
8254
669
9813
403
3552
3554
7536
9192
7035
9203
3354
78
9464
5492
8905
8848
3069
460
8211
7558
3044
7687
8875
5658
8811
9153
8248
8207
469
8330
8272
7455
8035
488
8914
8880
5515
7625
5604
6792
8885
8927
9445
7717
5630
7533
8561
8865
3383
7581
8834
9189
8783
8909
8591
8318
254
7466
148
8264
124
9071
8808
8743
504
7457
8277
2431
7566
9082
7606
5540
8823
9144
5680
8744
133
511
9195
8251
503
8322
9021
7517
79
6751
8549
159
585
9190
8910
9060
7614
9172
9117
8337
8895
3513
1156
7620
