4206
4501
4420
948
1637
2282
1648
527
2270
2044
3205
3272
4223
529
4665
2847
4704
2883
902
1580
726
2277
1964
1524
2844
999
4373
3224
3215
996
659
299
1153
1536
3455
3382
1919
698
545
109
1729
514
1517
1058
4473
3130
2894
3977
4365
873
1543
946
3730
623
2148
4317
4121
4579
740
3899
3300
3234
3214
1945
2273
3303
180
2953
1575
4572
3289
663
3288
2299
2159
627
2118
3760
1860
4549
2962
3323
2214
2626
4269
2685
2348
2275
207
3294
1579
3248
809
2335
4323
3265
2845
1523
1608
4578
2280
722
306
577
2659
4316
1650
2848
3853
2714
1981
4289
4679
2806
826
1824
2854
2880
644
510
2704
4577
4477
1977
4226
4733
3309
2652
4214
4555
1026
384
1926
4338
4233
4435
3332
2680
2793
2794
1711
2701
1591
3065
721
4533
3645
4475
45
4186
3338
646
46
3210
1094
4061
2668
1598
3211
1535
4476
3284
3375
808
116
751
2579
1666
2155
1059
1317
3241
4097
3184
4440
1178
2691
4683
4647
4680
4002
2799
1911
3407
1597
1808
2901
3280
3368
4298
1612
563
3374
1097
1714
4486
506
1876
2308
4590
1647
1529
4141
3302
4457
4541
1595
3222
4735
4483
2341
2032
1888
2013
1851
1046
1190
2373
3203
2965
3880
2278
662
647
4388
1767
4639
4007
4643
1400
2918
1606
1973
2607
1938
2361
3732
4259
2566
3283
4636
3292
4608
2815
606
2875
2923
3320
1755
870
81
3155
1941
1605
275
1665
588
2177
2137
2606
4046
1118
1684
3677
2276
1006
4384
4674
694
2958
4275
2855
2684
63
2243
2907
3023
3187
3558
1904
3305
3329
3195
1971
1096
2788
4344
1604
1838
2216
2576
2071
3190
1934
284
206
4534
1039
625
2789
4618
3898
4464
1502
4035
2469
1709
3424
724
2349
4304
4305
616
3377
4092
4460
3847
2804
4313
679
3397
611
522
4439
1623
839
1662
4503
4113
2944
859
310
1731
3182
167
4458
3206
547
3366
4721
1057
1653
115
2608
2460
1646
3371
3306
3925
4609
2863
2955
832
210
4699
2152
643
1957
3256
4467
425
1817
680
4245
1578
2365
4116
1139
1522
1692
654
1868
1446
2401
3330
1889
1627
3180
1794
537
1343
2900
2661
1680
2518
4641
2246
1348
1196
3767
1802
786
4574
2317
4280
1069
3277
318
1638
4228
499
3201
2959
2138
3479
3993
1725
699
3690
2239
664
3370
3291
2856
4537
681
3000
332
2581
2886
2665
3640
1442
1624
1119
4644
83
2077
2871
2841
4681
1841
1609
177
2743
1925
2383
1060
2888
3053
2840
1572
565
874
1332
3936
2597
2877
1590
3186
2215
248
3232
2610
549
717
3247
1304
4631
3298
3151
1527
955
1330
3202
3275
474
807
1986
2394
3763
2197
235
3388
3954
1453
551
323
2244
1730
1931
2203
1248
2723
1881
4255
316
2033
4449
1199
3192
1922
2882
2047
624
2678
3048
4684
3626
2149
1024
3842
3607
1656
2191
1750
1867
3693
182
3362
2583
1698
3643
1727
325
1531
3513
1044
2339
4272
4370
4629
1514
3088
632
1012
4144
1588
1813
1701
459
620
273
3073
444
2954
913
2887
4502
2565
628
2413
528
3413
2578
673
2857
2778
3337
1645
3054
1122
2667
603
4340
4273
3403
265
3024
2890
2457
4438
491
4207
4279
2468
1528
1974
915
2690
258
3765
705
2283
811
4656
3249
1990
1269
1294
2124
3383
1965
3369
3695
4562
3396
3982
2860
1581
4066
3395
1643
2562
2805
4623
4375
1980
2041
2029
4326
3251
2272
3318
311
3438
108
4426
4008
121
1458
2838
4485
858
3972
3802
4361
1054
591
887
49
2350
4480
3221
2658
4034
3179
2065
2538
1849
4604
2293
3935
4172
733
3394
3257
1818
3352
3207
4324
4595
642
2708
3946
3782
4302
2693
973
4320
1022
169
3800
4288
1533
1674
1983
2392
4697
2795
4068
2312
2587
651
1177
2145
695
2599
704
2718
2323
3233
2398
4751
2181
1255
2018
366
3293
2686
2722
1238
4369
4591
477
1978
655
4575
4067
814
1654
369
1072
3263
4413
4040
1644
4576
2268
1373
3753
1111
2601
1124
1652
3758
4711
4662
4393
3336
107
993
1742
2662
4433
2881
4428
4106
31
128
1959
1484
3646
2382
4184
4573
3408
1465
3364
123
4059
1829
4136
2633
1532
500
1949
3218
339
117
928
2869
3067
4456
3198
2720
1836
1513
3295
3429
4753
1752
587
1660
2611
2294
2279
4162
3266
2715
2487
3064
653
3208
1955
1070
4469
1249
1921
2605
4364
3926
3439
1541
54
2930
3209
2100
2504
277
502
750
1147
2459
4341
186
2231
1821
4567
2732
730
3535
3200
195
4702
1544
55
3951
3331
3852
891
781
349
3585
573
2545
1641
4033
1068
1870
3457
4664
1515
4387
1932
3082
3785
4362
2879
2692
2872
3381
1795
3435
4322
595
1891
2802
38
4023
1583
3691
942
3473
4009
2265
2170
3456
4051
2274
1530
3267
723
4210
2514
584
838
2220
3244
3583
2595
3422
3791
19
2079
3096
4263
553
3522
700
1171
4056
3580
518
1340
3876
1283
1780
4571
2615
661
133
4516
2060
1229
2207
3751
1483
4351
2473
3594
1699
1311
2367
571
2865
4559
1290
3652
4701
4378
1946
3290
3376
3393
260
361
2612
850
1733
2951
4359
559
4752
1655
289
971
864
2754
2790
596
798
2082
1615
3219
229
385
872
2541
253
476
416
2598
745
2217
772
236
3051
1534
2634
1551
4292
239
4646
3074
3225
768
2555
1939
90
1839
886
3363
3740
574
4094
2295
4050
1023
4005
355
3167
2945
1210
2122
4200
2768
4260
2791
4339
2116
2868
3609
304
1158
41
4236
3894
709
2892
3260
2092
3098
523
2570
3608
1382
2
1299
3775
3334
2956
3274
613
3873
4532
1936
1927
1565
4346
4075
2966
2087
3007
2039
2175
84
3895
1903
2627
96
4424
4047
4468
3431
3204
479
1398
2375
4561
1840
244
3001
4327
3678
1055
3527
2436
2205
2321
1915
2823
4566
3333
4634
731
3776
191
2967
3159
2867
53
2115
3114
2105
1051
3282
982
421
3773
3943
298
1306
4383
483
1061
2588
718
4357
2257
3426
1940
686
2751
4690
4120
3339
2094
1284
3340
4707
303
4414
4148
2792
2381
1163
4082
4054
657
4256
4722
4055
1721
2291
1558
743
3197
1833
912
4043
1525
2355
3771
4698
3281
3599
2198
1831
4714
650
164
2393
3392
4731
637
2245
3692
283
1635
2604
222
4355
2224
274
2218
3033
2081
2689
739
3410
118
3212
92
943
1814
3878
1890
2574
1895
1634
2075
257
2622
1757
3792
2717
3989
3378
2747
1975
1020
3955
2986
2425
4372
1958
67
2603
2807
3259
2328
430
1736
1859
1053
1386
4529
2260
1673
4408
3181
4598
286
3409
4058
1682
1479
4732
599
106
2043
1547
1564
4149
2241
438
685
4307
2573
3784
3543
1195
485
3358
174
3464
1734
4386
1853
4546
1636
4422
1476
621
1228
952
4587
288
2752
187
228
1743
1823
4727
1313
4049
4314
3240
4081
1090
3131
2916
697
521
2961
820
1574
602
4755
2305
2909
3746
1493
2343
2921
770
3939
3528
1760
608
2797
1878
827
420
2307
215
3097
1715
3997
1062
2575
540
2329
3348
2193
3169
548
766
984
689
4234
4563
1013
1156
696
2304
2556
2749
2064
639
1706
2682
2334
658
1601
1100
3624
2725
2540
4027
2034
2311
2238
2552
1186
2801
640
3744
2625
2300
1043
3310
3755
352
875
4343
2471
4592
1289
1172
2387
2993
701
3102
821
1735
1252
1961
1570
4444
1154
214
1129
3227
281
1569
935
906
3778
3710
4337
4584
1114
2010
634
3391
1784
3264
2210
908
3569
1088
3950
3278
557
377
4538
3742
2557
3279
2600
3010
4740
2069
1092
541
3614
3239
3933
2166
4354
3777
1774
4389
1516
2178
4216
1885
3879
2973
181
538
4747
20
3414
648
4682
4284
1187
346
1278
2247
1991
1425
992
2410
1874
1796
4472
3587
835
2093
4
1732
3598
1607
2154
4137
3028
2915
2571
4262
4194
2024
3384
3485
2408
2515
3150
52
829
4754
2891
3571
2564
2553
4669
76
3478
649
783
607
4527
2533
4717
1846
4556
382
3570
4239
362
2674
4227
1657
1078
1499
1809
193
4466
4619
1310
4366
1672
4447
1352
3567
1700
4000
30
4685
3237
1496
4266
18
3258
3507
1091
546
4065
1180
1257
3341
3163
1616
2430
3229
4032
4746
3673
1021
2164
2509
2512
4596
2324
4247
2519
4425
3998
2249
12
371
411
905
1847
1631
1201
3252
2417
4321
1611
1676
1168
1793
4588
861
1937
2132
3529
3308
682
4246
2133
2927
2251
296
1826
2656
2072
578
3965
2779
3781
817
4382
387
2053
3342
1852
185
2498
2773
4315
1329
1994
4185
4497
3443
119
998
1309
3312
2528
3321
771
194
3942
1344
1173
1811
237
581
672
1617
2663
1108
3591
43
1192
810
3981
1166
2333
2914
1207
99
3934
2864
4703
1854
2395
3683
2675
4677
3075
4360
2546
2592
4036
470
862
2617
4312
3044
3415
3641
1970
1162
3121
2301
3983
2534
569
1898
589
3907
792
208
68
4064
4319
1787
4250
2521
4278
564
2739
1593
3590
2931
1321
2529
126
2898
1282
2568
212
3568
1979
1258
1619
3243
919
2271
961
2386
432
4565
3496
2364
1690
4221
4183
3582
513
1812
3365
44
3223
725
2391
481
418
4739
554
3063
4616
2731
2733
916
2448
4519
3937
1048
2828
1500
4736
944
2796
4249
2036
3039
3076
671
2839
2866
1331
294
1696
1756
4593
233
4421
247
719
4252
3111
2906
2721
787
48
790
2974
728
4660
780
2055
4107
4385
542
1372
2925
4553
953
2085
1206
3864
4411
2679
3669
1305
3093
2738
2242
3699
4525
3723
2103
4725
2676
4637
3764
674
3622
3831
3307
1856
4045
3002
2998
1749
3707
907
400
1298
2820
1568
3230
1279
3099
656
834
2088
1865
4096
4520
4709
977
4217
1771
1910
73
2374
1766
2168
2884
3967
939
1770
4451
2095
2614
4198
4124
882
2049
769
3789
2996
1670
388
3542
918
2286
3681
3235
2389
1649
3500
1302
4303
2803
2144
3188
2654
2114
1596
3115
4710
2885
1233
4505
1492
539
3827
3428
3030
1098
1003
2470
3458
4517
3729
597
4309
2987
617
2418
2458
4371
94
815
3551
3630
3849
136
4103
1786
3850
2423
1691
2554
3718
172
455
1157
4446
2084
3459
343
1689
225
1710
4126
2135
3790
773
409
1584
840
3606
3822
2913
3405
1437
42
15
3557
1866
1716
168
4700
4748
1879
3480
2683
2861
3080
82
4178
802
852
4083
453
3851
4706
3129
2384
4117
1268
297
4399
334
1189
2143
4297
4044
3406
100
175
2649
4617
2281
3126
2165
3483
3462
4615
2322
940
3077
375
2981
3475
991
1511
1697
1779
1923
2070
3470
3547
1146
678
2719
4689
1618
1141
4232
2352
2429
4208
37
2258
3437
137
2212
3199
2873
1639
3766
3346
985
498
2505
598
419
4271
727
974
1369
1183
2234
1800
238
4582
3805
3703
4692
1353
2385
2516
4484
401
4640
3960
3976
2028
579
3477
2670
3057
3787
4742
2261
3319
4306
3442
1549
3684
3844
3502
4086
3213
1501
2113
3956
4621
4429
2146
3216
4498
354
1491
2727
2174
3287
2354
4295
1933
319
2464
357
3620
2449
2267
1728
920
2067
567
631
4557
1968
1788
2510
452
4691
4395
188
3398
4257
2192
4286
1025
782
3891
898
2666
4277
660
3427
1789
4455
2019
2302
4443
774
720
3511
2235
1495
1713
3423
2620
2933
1224
2774
2969
249
3389
509
3858
1765
778
3138
1712
2066
4119
2444
3262
1993
179
3043
2223
3603
732
3963
614
530
1510
3191
2745
2363
1273
1880
4539
3128
2889
2825
1996
2764
2960
2994
865
2669
505
2932
2929
777
799
1503
2326
426
3387
4463
142
3285
1312
3059
1085
1622
889
3052
1708
3663
4489
1379
4248
3183
1433
4241
4436
3644
4333
4174
3236
1827
3675
876
1717
276
1392
2142
2169
1620
3848
4744
3709
4175
3676
3727
1250
302
2368
2771
1773
1954
2893
2040
3035
3026
2609
2584
2631
3919
1326
3615
4705
1703
2106
3550
368
1401
3152
1832
2465
162
2437
2209
4540
3694
556
4153
4258
793
3109
4158
2905
2650
2240
3231
3716
2643
2222
2284
841
1260
2843
3113
3317
3929
434
2344
3373
2520
2698
4089
2596
3004
4482
2236
2908
4294
3049
1235
2786
4507
320
1651
4140
3918
159
691
33
489
3734
3160
1621
3757
1125
1009
64
2623
1170
4332
763
2821
983
3185
1754
3964
4268
2940
85
2474
804
594
331
2357
1577
3817
2490
3996
1947
2558
4635
512
2544
4115
2502
1855
2988
1028
3883
4614
854
3322
2852
3019
2517
1254
4430
1366
2021
1820
1658
3357
2849
440
234
4492
4626
1276
3688
1319
3592
2456
924
3523
757
1132
3761
163
3552
4084
749
2325
4638
576
461
4720
1151
2672
1726
2949
3133
555
988
3304
4715
398
3103
232
2342
1962
3503
4243
3952
2637
1182
4531
8
4199
2388
176
2694
3220
3903
4202
3351
2753
154
758
2009
4494
2309
3807
4651
4311
3497
3335
4459
2108
4427
1905
4093
1633
945
3449
3915
3003
1123
2629
112
1913
612
3928
3005
3297
1892
2832
2125
2920
2162
1133
1155
183
3040
947
353
204
1286
1339
3189
1145
397
3505
1087
3611
2351
3938
987
431
735
779
4029
2968
2772
2924
893
3959
2110
842
1741
415
4737
450
1797
2834
1184
2411
4039
2646
2618
707
3798
4462
765
1450
241
1782
3602
950
3845
4130
2356
1297
1985
3448
2800
3783
3748
3524
2858
2184
3269
2463
737
370
1804
322
1074
4445
543
3855
4491
447
856
3973
1351
1105
1538
2455
1877
1555
2441
2318
3242
3596
687
1610
301
3446
3814
1076
1315
2462
217
1987
131
4465
3071
4687
4334
3794
1857
3575
4392
2785
3865
3728
2501
1759
4150
4554
4543
95
2613
535
3890
2353
936
2899
2523
4376
4356
2414
1542
3122
3022
231
205
3009
929
1997
4441
706
1271
531
1473
1477
1471
4602
2912
3631
4192
3889
3584
572
1810
3401
3796
3665
3914
3540
630
1243
223
3013
4528
4450
1142
1040
4658
1587
3912
3276
1679
1308
4398
1084
4431
881
3774
494
668
969
3902
3633
2746
4713
4544
710
78
3941
4624
3460
1408
2580
2416
4030
1842
3857
2798
3910
3625
315
3980
1316
2735
490
7
4240
3136
4470
4122
4193
4345
250
3245
4195
341
2083
3859
2346
3786
3893
93
3433
2237
1792
3255
1626
2230
317
2983
1121
1539
4601
3072
2377
1393
3360
501
3856
2378
1967
4031
3666
372
1935
2926
153
1083
80
1194
3432
4057
1883
1738
1613
2076
2681
2963
468
885
272
1427
3468
3616
4535
4261
2484
3347
923
4301
270
3698
2777
1681
636
1722
24
2824
3463
1356
2450
3686
209
712
3327
956
110
1232
3908
3905
3619
1929
2190
3104
189
356
3029
14
4114
262
4060
2025
2590
1265
2402
1444
3487
1261
267
4583
1080
1480
1322
1430
2935
1001
3083
978
824
2313
493
997
4095
4276
1385
665
1586
670
2179
1431
1871
4176
29
463
1457
2687
2947
1338
4667
562
4237
2031
2897
4368
2428
2594
3440
2628
4211
1179
4205
50
3679
4052
2163
1599
3741
3518
2563
688
3534
3510
791
4570
3326
2153
2117
4042
1417
3949
3261
3701
2052
3841
28
3450
412
3818
87
71
1723
4657
4448
2303
1391
436
4471
1107
17
2306
3706
3544
2842
1036
2256
1376
1872
702
911
1472
1137
742
2119
2201
309
3713
4400
75
4328
4666
4403
941
3353
1661
2446
39
4331
1223
3492
305
134
1211
2380
1678
2042
1845
4088
3404
2765
3311
4166
1462
1507
3697
4627
3045
4296
703
392
4091
3400
4434
580
754
3217
4074
3722
3975
1345
652
2316
963
4274
1303
2830
1875
3708
3386
2376
4010
1159
2730
4645
1037
4006
4523
4151
4642
2188
1906
1566
3380
4238
566
610
4146
1518
816
560
492
2058
1126
345
405
2985
1830
2688
979
4493
26
1234
1219
21
1390
2127
486
1204
1095
3756
2332
314
1825
4145
3193
4164
3482
1984
4215
3808
263
4661
1585
1275
3896
1197
3107
645
143
3525
4524
828
3178
867
120
1355
3854
2379
1928
2728
4670
3100
3425
4087
1327
3768
4406
4672
4379
1230
1237
4231
4686
144
860
1325
122
4663
1675
2472
2255
329
471
3228
13
4281
2762
2475
3759
2176
3797
2896
2642
1428
3041
3015
2979
2160
2827
2942
1918
3638
583
2726
287
970
2550
2775
6
1869
487
1571
1737
511
3469
2134
734
104
2500
365
4022
1901
938
1075
888
3823
4230
1739
4745
3801
2406
1844
480
324
4518
141
3990
1063
2635
213
1413
1746
4291
2370
4454
3017
3472
1034
1640
1035
3593
312
2026
797
1822
2409
3546
1323
517
1562
2254
1861
4499
2404
2206
4038
35
716
2535
2020
3612
1858
3861
794
2266
2336
4016
2870
761
1815
1112
1563
1930
4026
1354
1010
4090
2228
2219
2560
4412
2724
3512
171
280
752
796
3315
3084
957
3361
57
590
2002
3445
4071
2037
3649
4377
89
433
3034
2288
2250
1405
4203
51
379
61
4104
413
1110
152
429
1292
3495
62
1960
2647
216
3970
2023
3944
2919
1081
1052
2091
2096
3931
4225
488
196
2347
4694
3324
4353
3018
1589
4391
3843
2000
1485
1314
3154
1440
525
4652
146
2593
245
582
1169
4222
484
2412
4143
857
785
1449
1494
1768
4299
3166
4125
4397
2310
2874
1089
930
1556
2195
2337
3530
2822
2835
1067
2530
2298
1747
2111
3050
4363
2453
3892
3754
1557
2759
3595
1185
3974
3832
2421
2982
1834
3296
1164
3124
3806
2934
4514
2366
3685
966
3906
2496
2038
2776
2712
2586
618
1592
2483
619
4756
2941
5
3772
4342
4513
2415
3246
3509
2809
515
3486
3226
3958
1247
4558
1296
22
633
1368
3720
4633
2702
3961
2551
114
4037
1972
350
4509
91
2910
3561
4085
683
1328
200
4530
3157
2327
3286
2846
4390
4123
1050
1944
1086
2559
2548
4511
1198
520
4693
764
1033
1117
550
3127
4003
3270
2340
1272
2756
2980
1065
3066
1982
3995
2811
4191
3343
3390
1419
2358
878
806
1629
904
3581
759
1251
4461
3719
2232
4283
715
2104
2345
1101
4432
600
1208
4078
851
2744
1916
4510
2602
403
1015
165
3726
2405
449
2050
2862
3499
367
4718
1963
3803
2506
4521
3046
1659
4394
2630
669
4728
4028
775
1663
219
3430
4625
788
40
4300
4229
2022
2837
1077
1998
1785
4419
2290
3712
2917
3968
4659
533
2859
962
4041
3356
4552
3780
3795
2014
2903
1362
3682
3436
2063
3881
2657
1432
4154
3948
900
3927
2729
4750
2525
1917
2902
844
2950
4109
3238
3506
4442
3826
3659
1285
2748
1687
641
475
1828
3749
890
2850
4352
3355
2497
3867
2227
435
1109
358
568
1632
845
4310
2713
871
4676
1388
823
3508
1603
1205
3372
593
1399
3672
1130
2508
1213
2287
1438
3987
1227
1594
1724
635
622
4696
1135
1504
2004
1790
4620
2984
252
1136
1748
406
980
4110
2016
4335
3452
1365
1424
2074
2172
2816
1410
692
1995
1677
2330
2438
3700
3671
933
2878
1318
259
2439
2057
1497
3545
390
3947
3417
3737
1520
135
1745
467
2740
2818
2971
2780
2766
927
4606
3090
1389
2761
386
308
853
1686
4622
2128
1470
1031
2187
3123
1435
269
3770
3586
2001
3871
2831
3725
218
1138
2400
3664
1459
1300
1948
1274
4569
1642
2770
4129
3579
4481
2011
805
1113
1764
2189
2503
3739
3144
27
4267
1244
3196
4018
1843
3674
3966
2922
1202
959
1837
3132
4504
1387
833
1203
3533
884
1346
424
626
399
3874
1707
601
2937
3810
2435
1174
389
266
4474
4719
755
4452
1448
1894
504
3494
926
2420
2121
2248
3142
1744
1181
1791
3779
3359
1240
2447
714
321
3345
2567
4177
4188
932
65
2369
3957
4132
2371
2709
3637
3177
1071
3149
4522
1029
1694
2976
3501
3008
1396
2171
3577
1380
1554
1540
1468
4695
2467
899
1149
3451
4318
2911
3875
638
3653
3254
2422
3572
744
1816
2876
2491
1409
1295
2007
2787
364
1056
1347
3901
3916
1161
3820
3120
170
1451
439
4738
1079
2147
2542
437
2213
1116
1803
1127
925
2120
1469
4724
756
2489
402
2006
1783
3490
4612
4495
1000
496
3047
1902
3504
3836
592
2090
4630
812
3095
3750
776
4160
4142
2443
2151
1216
1943
4102
4743
1625
3268
243
4586
954
2677
762
2173
458
1150
2671
4134
3702
848
1989
4668
1418
2466
4405
3604
166
473
3354
2767
3031
2161
4741
1412
561
1423
2372
2737
202
3106
3923
1019
1486
359
3657
2532
2760
4526
729
441
4358
1415
3011
818
753
113
895
2061
2478
736
1628
2644
300
615
2531
394
4131
1334
2407
570
2957
958
3962
1664
3924
4551
1115
3621
3705
2397
2109
3825
1772
4171
1560
1704
2107
1426
482
1781
1082
139
3467
4348
2645
3089
2513
3553
145
1264
3560
1482
3762
897
1320
1218
2112
1912
2073
3539
4155
130
3012
3194
3564
1505
1047
3917
3058
1763
4581
3618
1420
3027
4024
1128
192
1378
738
3654
3731
1429
4487
747
552
1896
4568
3069
2054
3418
1038
240
3171
4437
1221
855
4156
4105
4168
4730
3087
3488
3589
3253
789
1873
3412
4416
4374
813
4599
4127
914
2089
4133
1630
2194
23
1212
1576
972
3554
285
3953
3815
1073
335
822
2204
951
423
508
2338
2539
3804
2522
4152
2199
3137
227
69
1509
56
4111
4708
3696
2621
1548
2252
1950
1758
348
2757
2431
2078
4204
1512
741
3824
1668
3491
1992
1461
1017
2186
3176
4224
3168
2640
2296
2939
4453
2262
1361
4173
313
3085
629
4545
3661
994
4402
2359
3042
534
937
4108
307
693
863
3793
1160
4500
3647
1231
3434
1942
3799
4350
3036
111
4381
2167
1600
1447
3489
2660
4147
295
830
4180
1359
2784
279
3548
2836
79
1402
3444
3816
3092
2086
1439
1490
3555
1909
676
4564
3573
3481
2390
1466
1241
1383
3922
960
2813
1188
795
1488
3173
4560
2056
711
1270
3911
2185
1104
2781
4605
224
575
3704
4536
2537
894
3461
4610
666
4073
147
2696
922
767
156
892
2426
2782
2964
524
124
2211
2015
843
1464
503
1215
3639
3642
292
1848
2017
3516
3668
921
4287
497
4001
4671
4135
3721
1685
3147
990
3920
2742
3597
3419
2707
460
3325
1042
4607
220
2938
4325
4242
2141
3945
1395
4734
1259
2527
230
1002
1256
586
801
3536
246
261
1245
464
393
3344
1667
3153
1914
1952
3141
1559
2651
2264
1134
1550
190
4723
1899
1341
507
3091
1718
2123
519
2099
1357
3735
1277
4062
2703
2202
2653
1886
2253
3838
2360
4675
2853
1358
2442
3636
2639
1176
1375
4515
2233
1478
2098
825
1102
3932
3655
3863
1236
4197
934
2711
1148
3465
395
4653
4479
1032
1411
2783
3367
605
2526
819
2699
2741
3574
3402
4347
3648
1193
1004
2183
604
4632
3667
3350
1262
158
2972
1140
3986
3328
1416
1384
1209
4265
3078
4512
1567
4648
3025
1220
1487
1850
4330
3549
3471
748
866
2315
877
609
1546
3118
448
803
4179
3172
2269
1920
3877
201
989
4170
2035
968
1360
3869
1370
4580
3885
373
2156
675
1460
2157
3447
2616
3146
4235
4488
351
1951
47
178
4270
879
2362
4021
2289
746
995
3680
4212
2543
3752
4496
1474
97
2577
1287
880
4600
2808
4508
1394
2399
3562
2948
931
3060
442
1475
4478
2705
1519
3714
3578
1280
2812
445
32
1882
4053
291
1005
3788
1671
2048
1498
2758
4157
3566
1403
203
2396
3930
330
2819
1131
4025
2904
1011
1552
347
1506
1884
4138
3988
1614
1363
1049
2492
4409
4654
1406
1751
469
3493
1999
2068
2952
337
2716
967
4076
3314
3454
138
526
910
3994
868
3164
2928
3006
1956
713
3156
585
3538
3313
1864
4547
4165
2655
1489
1120
3860
11
3521
3271
3135
4410
3834
3819
4011
1776
2051
3101
1454
2814
1371
3411
3498
1263
70
3830
1421
3399
2101
3273
3143
3617
1239
3416
4396
3038
404
149
4585
151
2736
2225
407
1720
3519
2641
278
3299
1152
3165
3738
4349
1007
2452
3821
211
516
3148
532
3385
2569
1
242
58
3588
3515
2433
4597
462
837
378
1508
2080
1521
374
1778
4550
2763
2196
1242
3897
2524
4112
2591
226
1953
2476
677
3829
2424
3660
3886
148
909
4004
1862
4417
1526
3556
465
4099
3139
264
3316
4293
4418
1775
4415
2180
1445
1702
1553
3601
2946
2208
2511
1175
3882
2673
251
3610
3812
2585
2561
3174
4290
1030
847
2582
3175
3670
2062
901
103
1103
4015
903
3079
2833
408
4603
1349
3600
2129
363
3769
3733
3656
4407
293
3453
326
1324
3162
3979
1806
2977
4542
1434
3909
129
558
4079
2479
456
2992
1908
98
2182
4190
4726
1481
1214
3081
3016
3835
4380
4329
976
457
2427
1545
2403
3991
4069
3613
197
3117
2461
4712
784
2829
3984
4285
3662
2003
883
4220
1307
1246
1819
2495
2493
4063
3628
3651
4716
4367
446
271
1807
3940
846
2755
3145
1342
4201
16
1798
3020
1463
1293
2589
4020
3532
4209
1452
1769
4161
849
1337
3711
3623
2140
3517
3689
4264
965
1217
1761
1045
3866
4139
2126
2229
1801
2851
3846
2150
4098
1740
2477
1900
3839
2632
4218
949
2999
3421
2706
1064
2130
981
869
3828
2648
3650
1582
2507
3055
2102
3999
3833
1805
3985
1602
3119
3110
1863
4282
1093
1835
917
1143
1762
1441
3978
3900
1976
3913
333
4019
3969
4072
4101
1281
1777
3526
667
4213
4182
4244
3056
1988
3605
1267
2097
2989
2259
4336
1897
2810
1301
3870
1336
4118
1016
4219
1443
2297
2975
427
1573
3466
4423
1041
4506
4490
3108
1364
2445
2817
4253
3250
708
3520
2451
4189
1887
836
3743
4159
1191
2285
4169
2695
1537
4012
4308
3629
2997
3658
536
3070
1167
2030
1066
3484
1374
3747
2734
1924
4196
1200
1969
1414
3170
2432
2139
4014
3116
4187
2710
2158
3745
428
3514
4613
3888
3687
4611
1561
381
1404
1407
1225
3014
3537
3021
4251
986
3301
831
2636
800
1719
3061
410
3736
2664
2990
2936
2440
3474
1018
4048
690
3724
3971
1333
2970
2331
3349
1422
451
2221
4100
4254
2320
2263
4404
684
4548
2314
3068
1455
2027
2480
3862
544
1266
1669
3161
1688
3813
3872
1350
3134
1693
3627
1683
4070
2750
3563
2454
454
3632
3904
1014
1436
2226
1288
4128
2499
3379
3887
4678
3715
3420
4013
2045
3140
2572
2619
3884
3158
3868
3105
1099
2978
3837
4017
896
1753
1222
328
1966
2700
327
2494
4163
2549
1291
2200
4181
760
3635
2826
3441
3811
2991
1799
3840
2536
2481
2638
3992
1907
4401
4628
3634
2697
3717
1397
2012
3576
254
1377
1467
3559
4650
2482
3125
975
1705
3921
4077
964
4167
1381
4589
2046
2943
443
2319
2769
1253
3809
396
2434
2419
2624
3565
1106
4655
2995
478
3541
2547
2486
2292
1008
3037
1695
1027
466
1893
4080
2005
3112
3531
1165
3476
2059
338
472
2136
340
127
2488
1367
2008
3032
1144
3094
4673
422
3062
282
2131
2485
1226
4594
380
1456
1335
2895
414
199
376
256
268
3086
4649
495
4688
391
383
161
157
72
59
77
