3866
4015
4192
643
1507
549
1472
2581
668
3880
4122
577
1204
4255
1389
1045
459
35
2098
553
4049
466
1806
4187
2918
2339
1524
1733
1620
1851
1497
2038
3921
1009
2733
573
2045
4007
1513
1199
870
3051
3223
1451
667
746
2923
562
4221
477
1505
1912
4277
2103
3724
3135
3954
2516
2577
1788
3927
494
1217
1963
1770
4099
2106
611
1982
2635
1707
614
3017
1689
663
1441
4314
148
1801
465
1440
1767
3675
2789
3731
1764
982
1603
1067
1467
2022
610
269
1388
3595
3965
2167
1216
1783
1466
488
3096
2601
3009
575
1455
1436
3913
1918
3063
2652
4098
1014
4027
3110
1975
2114
615
1786
597
236
672
3042
4065
2666
2728
1514
2771
3014
1567
2738
2693
2592
486
1618
2978
1181
2109
795
1665
3962
2674
2162
1068
2496
530
2188
2472
2425
4201
392
3561
3015
321
4312
283
353
2413
1878
4259
327
4300
2131
3035
1686
4174
4105
1450
1399
3038
1480
2420
2570
2110
2495
748
3915
639
4191
2128
434
48
4275
3450
1601
593
2770
3884
1158
1650
572
1125
4343
3011
1553
32
2629
3028
2503
3027
2667
3755
922
2993
3901
4185
1907
623
4151
3306
2583
3987
2961
736
4102
3779
2949
1668
1865
1363
2940
2352
3100
4280
401
2135
2867
1504
1113
959
1356
2275
1473
1980
1237
4029
3065
1659
624
2173
2221
100
276
2637
1816
2922
3155
1664
3729
2999
808
1052
2525
2534
2232
352
4168
3006
2970
3026
4188
4083
1554
266
2372
2053
1060
3082
1500
3930
4059
612
3052
4080
4190
1458
159
2981
2946
1433
2616
2422
3677
1787
670
2576
4284
2726
2791
1150
3056
2582
4087
2267
1205
969
4061
1906
2181
511
3509
3953
1655
4254
972
1537
3983
4306
2394
479
1083
3526
1608
3519
1870
2620
219
2174
1485
3102
4091
2623
812
3073
644
2116
601
2965
613
3670
2579
2504
1231
2776
2936
2783
764
586
2930
3286
1699
2466
1979
2926
4097
1585
2502
3747
1774
3338
1511
500
1619
3012
669
3127
64
3238
1393
2517
498
473
4074
4198
4183
223
3008
3278
91
4048
1948
2938
3974
604
4002
1384
2692
3548
1159
4054
2044
1697
2151
3969
3022
2423
848
3098
582
2428
3713
1583
2877
2950
1011
173
3984
4353
2398
4013
677
1908
1449
3730
1397
1735
2941
3023
2959
2933
4100
1425
3820
687
229
1515
2122
1969
1465
1658
4121
2664
2671
4245
1234
605
69
2490
26
2079
3972
3975
1670
2081
4064
1810
4266
1506
2651
3039
2008
329
2992
2032
182
698
372
2695
3587
640
3938
1235
1656
1478
2736
2955
2111
2433
3095
3562
1111
750
3456
3715
3001
1394
2216
579
116
1400
243
4152
886
1336
1426
1454
3057
4252
2340
555
1888
625
620
2447
1981
275
606
1540
1623
1379
2665
3453
1591
1727
1684
3104
679
3036
3912
1871
478
1584
3668
3637
1519
3434
1812
1732
2034
1547
3802
1369
2107
4189
433
740
2743
3263
1498
3165
1713
2501
3391
2945
2474
2393
2473
2197
93
1219
2170
3886
965
1453
1523
2670
1
2799
4228
1530
1971
3108
3979
1953
3615
506
4229
3406
3301
4107
315
273
2491
2684
4004
3217
596
3924
3106
4011
540
73
3985
4171
4233
4358
3311
1867
264
1818
3939
2778
2710
815
402
1516
3988
3459
747
2991
2967
2287
3101
3168
648
560
1126
2702
2976
1899
1334
3041
2587
3053
814
3043
4124
2448
3676
1595
2996
1828
2086
3916
3971
450
290
4053
4081
1308
2431
2311
2424
1581
3143
1323
161
4285
2887
4
226
1875
2395
3766
600
1792
2074
3611
3072
4356
3602
2499
2580
1129
3075
356
4290
1484
1657
1023
2672
2137
1866
2399
2578
1244
4089
3031
3442
403
2042
2622
83
3387
2108
2427
2840
3674
2968
4282
3162
939
550
2817
461
3594
3064
3016
3563
4072
1917
951
1189
1341
3699
968
3109
1693
2011
3728
837
4337
2742
3325
2
1709
3021
281
1604
2997
3159
36
3383
1896
2630
1781
2434
2037
3891
2814
1900
2678
2874
2224
3892
2286
3945
3030
2658
871
2764
3024
717
1820
2698
2729
1902
2825
1637
1976
3429
3347
2944
3033
2988
1345
513
2919
824
3633
2381
2049
2449
2334
588
794
2426
4283
340
3271
67
705
1439
757
686
3107
1883
502
1494
1372
2239
4093
1006
3378
1714
2900
2811
2696
2421
1092
4010
983
137
3025
535
66
430
2855
254
318
2210
2974
908
3999
2290
3071
245
2254
50
40
4313
1556
2608
2489
938
641
3521
3441
642
3773
4106
2175
2555
1772
2220
4232
42
2104
3622
1959
1123
2446
3222
3967
835
3910
4167
4076
3420
2585
2924
2958
866
1681
592
1564
2571
3585
3998
2412
652
3343
3140
1904
3309
2947
2565
3182
1174
1407
2025
3445
2661
3193
2934
1653
2781
533
3894
694
153
548
2964
956
2788
1702
2471
1070
1208
2253
1064
105
101
1495
4062
2519
2823
4241
2115
2362
752
1936
2741
2773
769
3524
3170
1779
2962
4332
3903
1742
1661
760
2066
4014
322
3439
2994
865
1381
3117
4056
3696
2336
3066
63
1266
690
2298
2677
1187
1077
3422
852
3380
1965
524
1470
3408
2925
3410
4050
3397
3763
1717
4169
3947
2396
3817
1555
3136
1222
594
3966
1722
921
3898
1691
826
671
431
1468
3851
3596
3776
1630
3941
1517
2617
1105
98
3074
3623
1873
1771
692
3166
4268
1277
710
3844
3457
2532
3757
4120
141
4199
1512
1094
2385
2113
3365
3443
2928
205
4352
2586
388
2552
272
653
1209
4339
1256
3120
716
1186
160
1588
2134
4000
1509
781
3929
415
2685
1631
3455
598
583
3955
135
1765
2416
4019
867
3943
2418
2342
2435
2734
1368
3908
2165
218
2980
4031
1945
839
4279
3105
3414
1698
2595
3925
2917
3423
2123
1351
1972
2478
1833
678
3060
41
4173
874
4154
2432
2075
2643
2206
2719
2646
913
844
836
2899
2179
2574
379
1286
1416
917
821
3890
3204
576
2895
1964
4085
749
552
4160
181
1502
2914
4108
1071
2281
2279
1000
1035
2837
2511
2649
4096
1569
495
3558
4006
880
1850
920
3705
1546
2335
745
2638
3206
3808
778
574
1613
1503
1805
1030
1471
2105
2794
1423
3698
4184
1444
2152
4194
288
4034
3514
3156
957
2377
1227
3629
1802
1881
3150
2190
1962
691
1415
3748
3427
3320
763
151
942
3673
4204
3069
828
2732
823
2417
2040
4302
3300
4274
4092
2353
2370
2856
941
1757
3351
638
3896
1387
405
155
4073
3718
3259
2942
4005
3520
2786
1207
4226
490
2845
621
3103
2986
930
3778
2550
310
1328
2636
1542
1769
4162
166
3727
1639
1594
2146
2704
2850
4177
2632
3719
730
1987
2481
2331
195
54
3203
1710
4186
158
2355
4248
3157
809
997
3440
2169
3362
187
2659
3904
797
2663
1845
1973
2723
2202
3040
779
2023
958
637
925
2618
3804
2365
907
2282
2497
413
2849
4246
496
4220
4003
437
3937
2654
3097
659
608
508
1596
1087
2076
3510
2276
4264
2208
2132
718
2528
2584
261
3550
3832
2384
348
3897
4293
3751
385
3873
1483
1725
3973
4309
2145
3212
442
943
3185
2905
3709
3990
2830
2277
4057
3367
4301
483
3404
856
1501
3474
118
1106
1164
3262
2966
4148
1579
3923
1586
3370
3936
3183
3982
1775
3914
1947
2956
2375
2084
2018
1177
1003
1281
3191
1827
1201
2255
1729
3371
3636
2072
1320
3505
3240
1721
3672
2703
3635
4086
451
455
1677
2668
3559
765
1927
1141
1051
1031
3448
4227
432
1724
3862
3032
3118
4249
2982
2333
2444
2989
2021
4071
1280
244
1814
2682
981
1066
2251
23
3129
3285
4261
157
4063
199
2026
268
1373
2019
3790
2479
2185
3624
1406
1838
3630
46
2346
2862
847
326
607
217
1104
1563
3215
74
2476
695
4175
4328
446
4181
2520
3417
1304
3295
4143
2626
2987
3899
3784
4202
2631
1790
2001
2864
3494
2538
1853
3704
580
676
706
2236
1093
1558
314
2401
4203
4295
1452
1022
3471
448
2662
238
1889
3413
3190
1080
2429
2180
2655
1327
2024
1005
2164
1861
898
504
4271
711
2780
3579
2807
293
16
3409
1778
3556
3607
963
1944
853
534
3282
3711
2557
4298
2984
37
12
4094
3770
3739
1844
1991
2080
2130
2627
4150
3287
1262
599
2017
4078
1617
4320
208
4222
3723
1405
4163
474
472
4138
696
1331
798
2089
4115
1642
906
1926
9
1646
3267
4052
59
2610
4251
2261
1510
3742
551
2818
3430
3508
382
3825
4269
3000
3476
24
1442
1848
211
4103
1803
1892
1114
1570
99
1635
3379
632
3775
3977
3131
1371
1042
1041
3121
1020
2015
2985
904
2259
45
452
2657
4286
3305
4329
2273
4035
2521
2458
1645
1817
2948
2590
274
2283
2405
1879
1929
3958
1832
3712
3236
2237
2888
3018
2139
3265
3290
3603
673
754
994
3458
3454
1660
4265
664
324
3449
929
1672
1638
737
1785
2927
2540
271
3791
316
2349
2403
439
3464
1398
2077
1864
3591
2102
149
1797
3746
616
1593
201
3124
645
1521
3269
381
3986
2327
3446
833
391
3767
2245
3045
1612
426
47
707
1191
1587
2005
2779
2209
1469
4125
2884
2722
1977
2288
2676
1731
1701
2831
119
3700
3426
4157
1082
1784
846
1940
1841
4016
241
1835
1911
775
3850
1432
2039
3239
1706
2215
487
3641
1238
262
4333
697
2060
3080
3083
975
2720
3865
2078
1395
1429
603
2524
214
1115
872
309
2430
2969
2879
3308
2697
1359
1340
1989
3137
3149
2437
1138
862
602
2222
3463
2359
581
2943
1825
3917
4051
4025
3610
1190
3003
3138
2010
263
1144
3750
3126
2464
777
2047
3785
3885
2168
680
566
964
71
1055
2972
1687
1640
2653
2454
1819
2147
783
77
3213
685
285
1210
2009
3909
1934
1734
3968
4345
2681
2374
649
2547
2450
2690
3714
2594
1142
1559
289
733
2363
1365
3826
2876
2909
1391
339
1010
1303
111
3516
1577
974
1988
1890
3247
497
3828
1283
926
2751
2419
3693
414
499
1493
476
441
3761
609
738
2500
1566
4179
563
3251
1311
2442
3568
3418
2549
1380
1876
3960
564
3853
1156
2348
4321
3323
2043
3501
532
3919
2124
4164
1932
84
2839
1264
2065
3029
3647
3188
3123
2101
3995
39
2730
3093
3545
2833
4214
927
200
3951
2257
2192
3816
1662
2486
1647
61
1539
515
3888
3232
169
1705
4351
2121
4213
1128
869
267
1044
2093
3348
1099
3515
3926
722
4324
22
2324
2826
3231
3125
133
406
3401
1243
3592
842
428
192
14
2954
1834
1562
1154
131
3394
2112
1086
2266
1561
995
2337
578
482
384
2559
3141
2832
3614
1040
1313
2070
1726
689
966
877
4166
4230
2803
1611
2569
4024
1863
3333
3876
2809
1124
1408
1690
1482
3289
18
1679
1121
2650
940
1605
3720
4238
178
1447
998
3541
3465
4090
176
822
1110
2150
3366
1307
2156
2960
2289
1624
3128
2782
4041
796
3292
708
3377
854
654
4118
3956
1382
366
2953
3433
4146
4224
142
418
3389
3681
1225
347
3447
3344
227
1224
3518
665
1236
2182
4141
2344
1385
1069
3382
425
3299
2593
297
2177
4308
2485
1268
725
561
915
2568
2774
2554
2761
2133
1673
3738
900
2754
762
1062
1386
4325
3839
3527
1852
4336
559
1043
1058
3310
4039
521
791
1676
950
1375
2207
320
1970
454
1915
1151
634
1065
3879
1117
1925
2995
115
1756
2241
3601
2675
897
1958
3318
2561
4153
4270
3407
4304
1557
2329
1752
988
29
44
2161
2383
3645
3254
162
468
2509
4132
3373
2035
1872
536
8
2055
2731
1147
3050
1278
417
1983
30
2514
1326
2589
3597
1884
537
1161
2648
3340
2373
2064
1960
2872
817
1749
163
3656
2057
4136
3716
3037
257
2566
2709
2591
3451
4155
902
1463
2006
3473
2753
94
3133
2624
1347
2857
3487
2812
1427
2824
2360
2990
1831
3708
331
2813
2957
2563
3
742
1985
2536
1162
3768
177
1688
3854
3710
1919
2691
4250
3626
3470
567
1223
3978
4068
1095
1490
2141
2157
1078
2090
3197
2551
786
3997
410
3284
1590
3887
1633
90
2262
3584
3933
1414
4323
2230
4234
3812
2883
1652
259
724
2191
1160
4355
3830
2567
2865
1696
1887
3368
2767
154
2716
1995
2615
3195
2391
3248
813
1233
503
480
1392
1946
2760
3315
3798
2387
3398
103
104
484
1456
3353
3843
683
52
1249
538
2087
1194
1568
365
1301
1015
3864
1230
3619
1396
851
2796
2713
3004
845
1170
1531
2067
2505
2378
233
4055
1350
1038
203
228
81
2644
1552
3119
3356
899
3469
1140
674
541
156
1029
463
493
85
1048
3780
3517
1667
1275
3906
2012
1520
2647
2542
2176
3666
782
3744
3684
3609
3944
3421
646
699
3833
785
516
723
3870
2028
912
1824
4017
3134
4346
1488
3639
3068
1122
3116
3461
3319
976
3701
709
2457
2371
3256
3115
25
1188
2904
636
2759
2046
1753
517
2699
3794
3920
2539
2801
4082
429
3174
522
3092
3498
1047
734
2350
1826
1685
4210
3691
3806
3522
3685
2535
3638
4142
1836
3554
1978
2640
1538
1528
3792
3659
1574
2700
4247
3628
1352
2338
1165
1167
1751
3868
2480
130
3322
4033
2932
2859
1489
2507
278
2871
3980
4237
688
1182
1621
2460
1063
2819
761
1898
3467
702
873
3942
2642
3130
1961
2027
3852
2523
807
3620
2498
3329
2829
2330
2701
1626
342
3437
3690
1025
470
2522
1718
2225
2002
1700
3400
1242
334
1370
3599
1914
3532
1695
3122
167
3756
704
4315
1228
617
1675
3534
2052
2268
1683
3396
4101
2059
3590
4119
841
3216
4145
3358
1529
4236
3230
3237
1799
198
1409
2199
1252
375
570
2392
1607
1809
3495
628
3331
2931
1708
952
4292
3893
1288
799
1625
2878
2228
1843
3536
1435
4130
2120
3900
3612
70
1877
1220
2863
2673
1202
1315
1545
3046
2292
3625
1573
3582
1419
2785
1543
196
127
4133
2929
1247
4287
3200
1072
1854
3535
4354
1118
1367
514
344
3657
390
3225
3324
1383
3741
1868
834
4299
3678
3537
1730
1054
2465
1565
102
4216
1909
416
1508
1176
3881
4242
3648
3732
2621
1704
1309
1548
4178
2235
277
591
3132
3799
2233
3142
1459
34
2669
2030
1840
3243
378
336
287
306
816
556
4176
2410
2597
3617
569
4267
3070
350
2196
4273
1479
1172
2248
3257
68
1169
1146
1076
2143
1997
2211
462
2963
1719
3981
253
2810
1615
1046
1789
4334
129
3067
2229
507
2562
2234
2748
4018
944
1491
1855
547
2326
3976
4032
279
3076
368
1316
107
2468
1950
179
377
2264
1858
3580
2470
194
491
713
2758
3357
206
3856
1274
408
2892
1098
1481
3198
2316
1446
3631
3209
3640
928
1807
766
911
3415
3573
3192
585
3090
4135
1443
979
3304
2588
3189
1279
2082
3764
793
1525
3154
3199
909
3249
2307
2041
693
250
2492
481
2795
1739
1410
1942
774
3270
2452
987
364
3019
1582
2575
242
282
527
1131
2404
3600
3961
3399
3546
881
3388
3743
92
4131
230
2358
751
1952
2515
3598
383
2805
1461
207
892
1738
436
557
4310
3895
2706
1743
4340
1282
627
3841
4117
1457
3224
4109
4036
1996
970
3570
3616
660
1477
1651
4294
801
2533
4182
1578
397
3749
1572
2054
213
2530
438
1499
1422
2880
3266
1267
945
80
1747
2463
3260
2787
2155
87
3949
1353
109
1145
2272
961
2937
3831
396
3244
445
1886
1013
82
2705
767
3604
2835
2494
3307
2198
825
2100
97
1168
2707
2613
457
1412
2920
3964
787
1580
122
3745
4044
720
1532
4008
1390
2784
3948
4156
286
1644
955
2302
1666
3740
3513
3250
3689
1968
2386
3530
2269
876
954
2894
1744
3435
1261
1287
991
1922
3245
2219
7
3403
4095
2611
2537
701
3381
3950
1017
919
1197
2477
3687
2757
1059
2979
4045
183
3207
43
4288
449
1366
1616
4327
300
1632
291
2816
3281
2083
2171
1692
333
2314
918
1192
662
1535
3208
4341
1711
1295
3877
2527
519
2322
215
3883
528
4043
2003
2911
3345
630
3855
28
501
1763
2854
2772
1462
27
819
771
1534
3658
2294
2694
3350
3809
655
543
2172
3002
3654
2004
323
3158
2231
4326
3540
827
1259
4347
1431
1253
2247
2367
3181
2793
216
3994
3058
1053
3376
1957
3184
735
4359
2242
4161
3194
2063
1903
1137
1061
3547
4077
2205
1185
180
3737
3330
1755
2325
729
3618
2214
1622
395
4316
2389
887
2061
423
2645
3551
3091
2688
2769
2792
3703
889
1034
832
308
3970
1808
1916
2140
1598
1536
1001
373
803
95
3384
2808
2607
1349
743
3835
587
1928
1090
86
510
209
1424
2238
3228
2301
2686
3525
1329
3688
3762
2313
3253
4123
3874
258
4258
1526
3911
337
2178
1089
3010
2260
3649
453
971
2020
884
1221
3173
1941
1998
2119
554
19
1438
3875
4256
2285
2907
1920
1418
4172
829
3646
3786
361
4272
1773
804
2315
3171
3566
2445
3112
346
1430
328
307
3502
2007
590
2341
4239
1271
3313
1321
3829
1403
2415
265
2482
2200
2614
741
1357
2912
1460
715
304
2436
4244
2558
175
4212
666
3201
3386
1362
4350
2364
1654
4349
1475
3475
204
1007
3219
1602
33
2599
3869
3268
299
2804
1671
456
727
1600
1377
684
1073
3283
1938
3496
1148
1269
3531
138
1760
2612
2320
960
3436
1994
295
3081
3452
1265
3560
1260
371
1033
1813
1627
1404
4084
3490
2744
4289
1024
855
1575
864
1924
739
703
1300
3114
3706
2717
3314
270
190
3782
2148
3589
2939
2440
294
123
485
4069
4195
1346
3484
134
298
3542
1339
399
3575
444
1272
3241
1748
1589
4149
1103
512
1284
1250
3577
3811
2660
1294
164
1830
65
2439
2183
2088
1358
1285
3858
584
3511
280
1028
3655
1955
3488
3013
17
351
3662
2048
1527
3180
2250
3486
658
3047
2680
1597
2411
3845
2973
1897
2526
1680
3272
1355
3793
3416
1196
2971
3859
1856
197
1649
2163
3233
2368
3840
2016
3528
443
2633
2756
4144
948
894
1949
3664
3707
2836
2838
2274
3905
3606
2896
1474
4012
3176
2913
980
3857
1745
1364
3087
2129
2513
1056
2915
114
3020
3472
165
931
1032
3679
850
2827
4278
635
1776
3099
360
3005
1318
3827
3686
1290
2068
4058
1179
2280
883
2069
937
860
3147
1893
953
3202
3214
1609
1212
3359
3813
3089
3294
2901
3431
888
4297
3665
1849
2357
249
2752
1166
895
2998
3425
2400
947
2866
1576
2278
2763
3297
4042
193
1800
1175
3861
780
2305
2762
1712
152
2800
4342
1333
2553
2029
1348
2263
3303
3279
3205
3355
4348
1740
4134
1374
622
1335
4318
1716
4139
2096
3847
3805
419
221
171
682
1133
4225
389
1629
714
3683
3007
2858
2739
1464
1319
3836
3175
3335
3571
1246
4211
858
1641
758
1993
861
984
3922
1992
726
3552
3153
2153
1413
3821
147
3871
2975
3360
2308
831
3218
1669
3863
571
924
4075
3593
3931
3242
3797
2467
1571
523
3935
3860
1378
2376
240
1008
76
11
1116
2977
3392
1248
3946
5
2189
2031
3034
2091
3044
4066
3889
1135
3328
2345
3361
125
1100
936
1766
1663
993
3390
1715
3317
3722
3235
1218
4305
2361
3187
412
1762
1088
2634
2409
3054
656
3581
0
3419
4207
3932
305
3574
3588
1241
4165
1560
631
1967
1019
3834
3754
2154
2136
1206
2309
1823
1476
1804
675
2213
113
910
1648
962
3735
1551
400
1794
3280
2217
901
3354
2244
2847
49
3326
558
3907
3393
3991
3848
3468
2036
3395
4110
2441
3523
935
112
3258
3702
3497
4240
2388
3769
967
235
1173
2853
1741
3557
251
2679
3332
4317
2099
1411
2848
4023
3796
3499
2916
2379
4235
618
3576
1298
1966
905
2711
1610
1084
1793
1037
2625
3234
891
1324
879
3462
2051
398
394
2543
2572
1245
3084
407
3760
3288
650
3479
2548
4206
681
248
3940
3569
1614
1937
811
3814
284
146
3167
1939
4331
247
1081
3466
3822
2604
2126
222
1255
2714
999
859
2506
946
4307
3374
3178
3642
1354
363
2397
3553
185
4009
447
3059
2687
3902
932
2573
4322
2841
2596
3758
3485
1312
3277
973
1487
2246
3196
2408
3221
3275
776
546
4104
896
1263
1829
1049
3152
424
143
1021
3682
2299
2724
949
4030
1344
2727
756
3321
1119
1178
2271
88
1376
4060
4344
509
3765
4253
629
4296
1728
986
539
1541
3824
1750
4193
2821
2291
875
2193
3503
768
1109
1421
1360
2453
471
4037
2304
728
232
3375
3316
96
2750
386
790
2609
3680
2296
3989
3644
2718
4070
4281
2366
2073
106
3172
202
1026
2195
51
1822
2014
2159
1342
4257
2094
3507
21
1951
2903
2201
2438
3663
312
57
3312
784
731
4021
139
126
374
868
319
1905
2598
1193
2606
1211
719
3538
1200
1758
1445
1402
2851
172
518
1251
544
492
3334
489
4111
2935
2708
2755
3867
1759
1325
1134
2451
132
4116
985
2456
469
1143
1777
712
376
1859
1127
4129
460
72
520
121
1091
893
458
1401
440
1130
3838
2323
3781
4335
3752
150
4219
1921
3734
1157
1923
355
1292
3801
772
210
237
2891
4223
1361
545
2815
2846
3771
3337
3882
3489
370
2715
1990
1338
2529
1195
1434
1330
4047
2487
3385
4028
2258
914
4026
1322
2406
2443
2390
1079
2194
933
2256
923
744
108
2844
1153
2908
1811
2118
1678
3993
3878
2158
75
3789
2869
60
1299
2889
3428
2870
330
3210
1736
1954
2639
1842
2402
1821
3086
3934
2097
1120
4126
2602
1837
2834
3959
4088
1720
773
992
2746
1682
3533
3148
2218
3539
1149
882
1273
2265
2683
224
302
1152
3372
2293
3777
1930
1518
475
3721
1232
4020
2712
1694
4040
3564
225
1108
4127
1317
3412
2138
3252
1592
3543
878
3493
589
2861
2312
2881
2142
1180
1874
2564
303
1703
526
1343
2689
2798
2885
2356
3787
1486
3255
3783
1869
2469
345
2508
3079
3506
4196
2204
2725
3572
2619
421
3211
3823
2873
1112
234
1101
2461
1215
2790
3061
2488
3341
3788
2898
3261
256
1857
3229
2203
255
3774
863
2058
110
626
3432
3478
338
2187
2882
2284
3163
2332
1257
2765
2510
1522
849
2186
3772
3613
3842
3567
3660
317
3759
1782
1544
1096
4046
759
3849
3364
4205
3145
359
4067
2531
1986
4217
1737
3928
1780
1862
3996
3342
2952
3179
3586
542
10
1184
3111
3583
3736
3352
2319
3653
3512
78
2297
13
3500
3815
1229
3055
2056
2354
2475
1314
753
2983
619
296
2310
2347
4128
144
1036
1599
1761
1305
1155
3605
3460
3483
1293
3957
1796
1935
732
1163
977
1550
2252
1628
188
1549
3627
168
2125
2493
3349
990
4180
1018
3694
3186
260
367
2902
3504
903
3346
252
3555
2544
3544
1791
3726
2270
1270
3634
1027
1203
1258
1136
1956
800
1296
2407
2766
1860
647
467
1974
1039
2910
1913
1795
3810
3139
3632
1226
770
1428
4001
4038
3363
2641
2318
380
3800
802
89
3291
2893
2545
2223
1016
2921
3651
3529
1492
2160
1754
3819
4079
2321
3872
2749
3697
2414
1075
2512
3818
3274
1533
3565
3302
657
2656
1302
3608
1183
2605
820
3692
1895
1002
1768
2556
3220
1107
1910
2828
1723
1634
857
3424
1882
2890
2240
3246
2462
2852
1254
2095
1894
890
3717
3293
3264
531
1933
3549
3695
1984
3405
4140
1297
3273
2951
4147
651
1276
1332
1891
1901
3169
4112
4022
525
1102
2243
2303
661
1213
4209
1437
4218
755
2541
2860
830
1306
3650
2737
2777
633
818
2062
191
2745
529
2875
3992
3733
2740
3164
3669
3369
1636
1240
1839
568
3177
1674
1097
1846
1885
2797
3725
3088
1448
3048
978
2906
2546
1496
3795
3480
2820
2600
2735
3918
3671
1847
2886
3621
3444
4208
1417
170
411
1239
3643
2822
2721
2351
4114
2127
3846
2092
4158
120
2560
3062
1214
3226
3477
505
1074
4113
239
840
2603
996
843
1643
1815
3807
3837
2806
3113
3049
3298
788
2369
3952
700
2747
1004
1880
2455
2317
2518
4197
2802
335
3492
3491
3077
885
2843
189
721
1999
3339
3578
2212
1012
2149
2226
3402
2166
3753
792
3327
3144
1050
2306
1798
3336
2628
409
3146
2227
3803
4215
805
3151
2768
1746
427
1931
2459
4137
2071
595
1132
2343
1139
1310
3160
393
3078
2249
387
3411
2775
838
4200
2117
140
934
806
4170
3438
3161
916
1420
2300
4159
989
2144
1943
3481
3661
2085
184
2868
3227
79
1291
3963
212
2013
220
3296
2000
1171
3652
2380
3276
4263
4311
3085
2328
2483
311
1057
1606
2484
810
4357
565
2033
464
1085
2184
301
246
1198
2050
3482
789
3094
1337
2897
2382
3667
2842
1289
4276
2295
4303
292
4262
4243
325
4260
124
117
362
420
369
343
4330
404
358
354
31
